"Taxonomy"	"Proteobacteria"	"Verrucomicrobia"	"Acidobacteria"	"Actinobacteria"	"Firmicutes"	"Bacteroidetes"	"Chloroflexi"	"Gemmatimonadetes"	"Planctomycetes"	"Thaumarchaeota"	"Nitrospirae"	"Thermomicrobia"	"Tenericutes"	"Armatimonadetes"	"Saccharibacteria"	"Cyanobacteria"	"TM6_.Dependentiae."	"Latescibacteria"	"Tectomicrobia"	"Elusimicrobia"	"Spirochaetes"	"Deferribacteres"	"Synergistetes"	"Euryarchaeota"	"Chlamydiae"	"GAL15"	"Fibrobacteres"	"BRC1"	"Ignavibacteriae"	"SBR1093"	"Microgenomates"	"Thermotogae"	"Parcubacteria"	"Omnitrophica"	"FBP"	"Deinococcus.Thermus"	"WS2"	"Hydrogenedentes"	"Fusobacteria"	"RBG.1_.Zixibacteria."	"Chlorobi"	"Candidatus_Berkelbacteria"	"Peregrinibacteria"	".DHVEG.6."	"Cloacimonetes"	"Lentisphaerae"	"BJ.169"	"Gracilibacteria"	"Atribacteria"	"Aenigmarchaeota"	"PAUC34f"	"Bathyarchaeota"	"Aquificae"	"Acetothermia"	"WWE3"	"WS6"	"Aminicenantes"	"Caldiserica"	"SR1_.Absconditabacteria."	"Others"
"LH38_Z1_1"	0.493724645	0.03528144	0.11643002	0.115098884	0.044041582	0.039807302	0.025557809	0.056579615	0.013476166	0.004297667	0.011054767	0.001648073	6.34e-05	0.001774848	0.000507099	0.000507099	0.000519777	0.000595842	0.000887424	0.000494422	5.07e-05	1.27e-05	0	6.34e-05	0.000798682	0.000177485	0.000190162	0.000291582	0.000164807	0.000190162	0.000126775	0	3.8e-05	3.8e-05	0.00015213	1.27e-05	3.8e-05	5.07e-05	0	3.8e-05	2.54e-05	0	0	0	0	0	0	0	0	0	0	0	0	0	0	0	1.27e-05	0	0	0.03518002
"LH38_Z1_2"	0.482479716	0.028182049	0.138552231	0.115707404	0.050887424	0.034977181	0.027231237	0.05625	0.011980223	0.002243915	0.009660243	0.001305781	3.8e-05	0.001774848	0.000811359	0.000329615	0.000329615	0.000557809	0.000418357	0.00020284	7.61e-05	1.27e-05	2.54e-05	3.8e-05	0.000735294	0.000228195	0.000316937	0.00020284	6.34e-05	6.34e-05	0.00010142	0	8.87e-05	0.000114097	2.54e-05	5.07e-05	3.8e-05	7.61e-05	0	1.27e-05	0	0	1.27e-05	0	0	0	0	0	0	0	0	0	0	0	0	0	0	0	0	0.033798174
"LH38_Z1_3"	0.502865112	0.029817444	0.104703347	0.134216531	0.03160497	0.036232252	0.030856998	0.054703347	0.01844574	0.003346856	0.009368661	0.001800203	0	0.001673428	0.000925456	0.000722617	0.000950811	0.000240872	0.000874746	0.000608519	1.27e-05	0	2.54e-05	0.000228195	0.000608519	0.000266227	0.000380325	0.000228195	5.07e-05	0.000291582	0.00010142	0	0.000164807	6.34e-05	8.87e-05	0.000126775	0.000126775	7.61e-05	0	0	0	0	1.27e-05	0	0	0	0	0	0	0	0	0	0	0	1.27e-05	0	0	0	0	0.033176978
"LH39_Z1_1"	0.561802738	0.022223631	0.105882353	0.094041582	0.034622211	0.037880325	0.018914807	0.061016734	0.007238844	0.000532454	0.011308316	0.000988844	0.000164807	0.002243915	0.000507099	0.000316937	0.000240872	0.000621197	0.000583164	0.000215517	6.34e-05	0.000114097	1.27e-05	1.27e-05	0.000393002	8.87e-05	0.000177485	0.000228195	0.00015213	0.00030426	2.54e-05	0	2.54e-05	5.07e-05	3.8e-05	0.000139452	3.8e-05	5.07e-05	3.8e-05	3.8e-05	1.27e-05	0	0	0	0	0	0	0	0	0	0	0	0	0	0	0	0	0	0	0.036650609
"LH39_Z1_2"	0.425621197	0.041848377	0.163957911	0.09354716	0.034660243	0.055704868	0.031135903	0.059977181	0.019561359	0.003169371	0.011967546	0.001179006	0.000443712	0.002459432	0.002205882	0.001052231	0.000456389	0.001166329	0.000773327	0.000633874	3.8e-05	1.27e-05	0	0.000342292	0.000291582	0.000266227	0.00025355	0.000342292	0.00020284	0.00035497	0.000329615	0	0.00030426	0.000126775	1.27e-05	7.61e-05	5.07e-05	0	5.07e-05	2.54e-05	1.27e-05	7.61e-05	6.34e-05	0	0	3.8e-05	0	2.54e-05	0	0	0	0	0	0	0	0	0	0	0	0.045182556
"LH39_Z1_3"	0.506668357	0.021285497	0.09828854	0.149860548	0.029741379	0.029145538	0.032251521	0.050824037	0.021894016	0.007543103	0.009787018	0.0019143	2.54e-05	0.001039554	0.001255071	0.000633874	0.000900101	0.000240872	0.000798682	0.00030426	0	0	0	0.000126775	0.000342292	0.00020284	0.000266227	0.00020284	1.27e-05	8.87e-05	0.000190162	0	0.00010142	5.07e-05	8.87e-05	0.000139452	0.00010142	1.27e-05	0	0	0	0	1.27e-05	1.27e-05	0	0	0	0	0	0	0	0	0	0	0	0	0	0	0	0.033646045
"78371A_Z1_1"	0.473884381	0.040960953	0.153663793	0.083379817	0.036599899	0.044776876	0.025824037	0.06627789	0.012474645	0.002142495	0.009951826	0.000862069	3.8e-05	0.002358012	0.000760649	0.000393002	0.000240872	0.001179006	0.000481744	0.000393002	6.34e-05	7.61e-05	1.27e-05	0	0.000393002	0.000126775	0.000126775	0.000126775	0.00015213	0.000266227	3.8e-05	0	0.00015213	5.07e-05	3.8e-05	2.54e-05	7.61e-05	7.61e-05	0	3.8e-05	2.54e-05	1.27e-05	5.07e-05	0	0	0	0	1.27e-05	0	0	0	0	0	0	0	0	0	0	0	0.041417343
"78371A_Z1_2"	0.473199797	0.036840771	0.198466024	0.074556288	0.014477688	0.033975659	0.031211968	0.060966024	0.020106491	0.001660751	0.00801217	0.001305781	0	0.001343813	0.001140974	0.000380325	0.000443712	0.000507099	0.000393002	0.000291582	0	0	0	0	0.000431034	0.00020284	7.61e-05	0.000164807	7.61e-05	0.000215517	0.00010142	0	0.000126775	7.61e-05	5.07e-05	7.61e-05	8.87e-05	7.61e-05	0	0	0	0	1.27e-05	0	0	0	0	0	0	0	0	0	0	0	0	0	0	0	0	0.038945233
"78371A_Z1_3"	0.459267241	0.052281947	0.134419371	0.101508621	0.031744422	0.046855984	0.029766734	0.059495436	0.022185598	0.009444726	0.008608012	0.001648073	5.07e-05	0.001686105	0.000494422	0.000722617	0.00040568	0.000545132	0.000773327	0.000278905	0	0	0	0	0.000418357	0.000190162	6.34e-05	0.00020284	7.61e-05	0.000266227	8.87e-05	0	6.34e-05	3.8e-05	7.61e-05	8.87e-05	5.07e-05	7.61e-05	0	2.54e-05	5.07e-05	1.27e-05	1.27e-05	1.27e-05	0	0	0	1.27e-05	0	0	0	0	0	0	0	0	0	0	0	0.035991379
"787_Z1_1"	0.611637931	0.024492901	0.062170385	0.056009128	0.078473631	0.063856491	0.01476927	0.035978702	0.009051724	0.005349899	0.007036004	0.000735294	0.002852434	0.000862069	0.000266227	0.001179006	0.000164807	0.000367647	0.000811359	0.000367647	0.00025355	6.34e-05	0.000557809	0.00020284	8.87e-05	7.61e-05	0.000329615	3.8e-05	0.000139452	0.00010142	1.27e-05	0.000126775	0.000126775	0.000139452	2.54e-05	1.27e-05	0	0	0	1.27e-05	2.54e-05	0	0	0	0	0	1.27e-05	0	3.8e-05	0	1.27e-05	1.27e-05	0	0	0	0	0	0	0	0.021158722
"787_Z1_2"	0.417976673	0.032898073	0.129639959	0.085661765	0.094016227	0.086587221	0.024315416	0.043673935	0.016670892	0.008430527	0.01229716	0.001293103	0.003549696	0.001736815	0.000456389	0.001648073	0.000190162	0.001090264	0.001179006	0.000684584	0.000342292	0.000190162	0.000862069	0.001014199	0.000418357	0.00010142	0.00035497	0.000139452	0.000177485	0.000177485	2.54e-05	0.000291582	8.87e-05	0.000139452	2.54e-05	8.87e-05	2.54e-05	0	0	5.07e-05	1.27e-05	0	1.27e-05	0	0	0	0	0	0	0	0	0	0	0	0	0	0	0	0	0.031465517
"787_Z1_3"	0.486739351	0.030666836	0.097084178	0.056021805	0.123820994	0.073732252	0.021513692	0.034736308	0.016252535	0.006972617	0.009470081	0.001128296	0.003334178	0.00171146	0.000456389	0.0019143	0.000164807	0.001128296	0.001204361	0.000760649	0.000139452	0.000278905	7.61e-05	0.000177485	0.000443712	7.61e-05	0.000380325	0.000190162	0.000139452	0.000228195	0.000126775	0	0.000114097	0.000240872	3.8e-05	5.07e-05	0	1.27e-05	0	8.87e-05	1.27e-05	0	0	2.54e-05	0	0	0	0	3.8e-05	2.54e-05	1.27e-05	2.54e-05	0	0	0	0	0	0	0	0.028245436
"IB014_Z1_1"	0.441708925	0.047312373	0.132416329	0.113590264	0.051597363	0.046957404	0.030311866	0.065453854	0.011156187	0.004044118	0.007745943	0.001179006	6.34e-05	0.002142495	0.000494422	0.000278905	0.000329615	0.000912779	0.000849391	0.000456389	2.54e-05	0	1.27e-05	2.54e-05	0.000431034	0.000266227	0.000126775	0.000126775	0.000190162	0.00020284	2.54e-05	0	8.87e-05	0	3.8e-05	0.000139452	8.87e-05	2.54e-05	1.27e-05	7.61e-05	2.54e-05	0	2.54e-05	0	0	0	0	0	0	0	0	0	0	0	0	0	0	0	0	0.039046653
"IB014_Z1_2"	0.583823529	0.0274214	0.115707404	0.086523834	0.038983266	0.027041075	0.018065416	0.047058824	0.008100913	0.001217039	0.007885396	0.001001521	8.87e-05	0.001825558	0.000545132	0.000443712	0.000278905	0.000481744	0.000570487	0.00015213	0.00010142	8.87e-05	1.27e-05	1.27e-05	0.000519777	0.00015213	0.000177485	8.87e-05	8.87e-05	0.00040568	3.8e-05	0	5.07e-05	5.07e-05	0	2.54e-05	8.87e-05	5.07e-05	2.54e-05	3.8e-05	0	7.61e-05	0	0	0	0	0	0	0	0	0	0	0	0	0	0	0	0	0	0.030692191
"IB014_Z1_3"	0.470233266	0.037056288	0.146336207	0.134761663	0.031566937	0.025671907	0.031959939	0.047794118	0.019548682	0.006566937	0.00862069	0.001483266	7.61e-05	0.001052231	0.00040568	0.000545132	0.000456389	0.000342292	0.000798682	0.00040568	8.87e-05	6.34e-05	0	8.87e-05	0.000393002	0.000228195	0.000164807	0.000177485	8.87e-05	0.00015213	5.07e-05	0	5.07e-05	3.8e-05	6.34e-05	0.000114097	0.00010142	3.8e-05	0	0	3.8e-05	0	0	0	0	0	2.54e-05	0	0	0	0	0	0	0	0	0	0	0	0	0.032352941
"PHN11_Z1_1"	0.48125	0.052142495	0.110218053	0.115644016	0.048706897	0.041899087	0.030083671	0.052966531	0.01255071	0.002560852	0.008595335	0.001305781	3.8e-05	0.001533976	0.000976166	0.000494422	0.000621197	0.00040568	0.000709939	0.000380325	5.07e-05	0	0	0	0.000456389	0.000215517	0.000190162	0.000240872	0.000177485	0.000215517	0.000139452	0	0.000240872	7.61e-05	6.34e-05	7.61e-05	5.07e-05	3.8e-05	0	1.27e-05	2.54e-05	0	2.54e-05	1.27e-05	0	0	2.54e-05	0	0	0	0	0	0	0	0	0	0	0	0	0.034584178
"PHN11_Z1_2"	0.456719067	0.047033469	0.183303753	0.081934584	0.028435598	0.031579615	0.028955375	0.065086207	0.01895284	0.001432556	0.01043357	0.001204361	1.27e-05	0.001939655	0.001229716	0.000532454	0.000278905	0.000798682	0.000507099	0.000367647	3.8e-05	3.8e-05	0	0	0.000418357	0.000139452	0.000291582	0.00030426	0.000114097	0.000240872	5.07e-05	0	5.07e-05	3.8e-05	5.07e-05	3.8e-05	5.07e-05	2.54e-05	0	3.8e-05	1.27e-05	0	3.8e-05	1.27e-05	0	0	1.27e-05	0	0	1.27e-05	0	0	0	0	0	0	0	0	0	0.03724645
"PHN11_Z1_3"	0.467697769	0.083050203	0.13775355	0.094827586	0.027497465	0.045740365	0.027674949	0.044738844	0.016556795	0.006465517	0.007479716	0.001204361	0	0.00171146	0.001115619	0.000519777	0.000469067	0.000481744	0.000659229	0.00025355	1.27e-05	0	0	0	0.000240872	0.00020284	0.000126775	0.00015213	3.8e-05	0.000329615	0.00015213	0	0.00020284	1.27e-05	1.27e-05	8.87e-05	3.8e-05	6.34e-05	0	1.27e-05	0	0	0	0	0	0	0	3.8e-05	0	0	0	0	0	0	0	0	0	0	0	0.032378296
"PHJ75_Z1_1"	0.540010142	0.035801217	0.095360041	0.1225786	0.046348884	0.038298682	0.020423428	0.046577079	0.007276876	0.00237069	0.00836714	0.001140974	0	0.002104462	0.000595842	0.000393002	0.000240872	0.000418357	0.000633874	0.000418357	5.07e-05	1.27e-05	0	1.27e-05	0.000481744	0.000190162	0.000190162	0.000126775	0.000114097	0.000367647	5.07e-05	0	2.54e-05	5.07e-05	0	5.07e-05	3.8e-05	5.07e-05	1.27e-05	2.54e-05	3.8e-05	2.54e-05	0	0	0	0	0	0	0	0	0	0	1.27e-05	0	0	0	0	0	0	0.028714503
"PHJ75_Z1_2"	0.620322008	0.020131846	0.078258114	0.09359787	0.029044118	0.032276876	0.016049696	0.055058316	0.007061359	0.002396045	0.009736308	0.001419878	8.87e-05	0.00171146	0.000519777	0.000393002	0.000240872	0.000456389	0.000798682	0.000164807	3.8e-05	7.61e-05	2.54e-05	0	0.00035497	0.000177485	0.000114097	0.000164807	7.61e-05	0.00030426	2.54e-05	0	7.61e-05	6.34e-05	1.27e-05	0.000126775	7.61e-05	6.34e-05	0	1.27e-05	1.27e-05	1.27e-05	0	0	0	0	0	2.54e-05	0	0	0	0	0	0	0	0	0	0	0	0.028435598
"PHJ75_Z1_3"	0.509723631	0.048504057	0.099290061	0.151939655	0.030375254	0.019789554	0.032352941	0.046184077	0.01637931	0.003194726	0.007910751	0.001255071	0.00010142	0.001052231	0.000722617	0.000329615	0.000418357	0.000215517	0.000735294	0.000228195	6.34e-05	1.27e-05	0	3.8e-05	0.000545132	0.000126775	0.000139452	0.000177485	3.8e-05	0.000190162	7.61e-05	0	3.8e-05	8.87e-05	2.54e-05	7.61e-05	5.07e-05	5.07e-05	0	0	0	0	0	0	0	1.27e-05	0	0	0	0	0	0	0	0	0	0	0	0	0	0.027548174
"PHM10_Z1_1"	0.542203347	0.042406187	0.120981237	0.088286004	0.033646045	0.036802738	0.022058824	0.049112576	0.012639452	0.004449797	0.007733266	0.001229716	1.27e-05	0.001610041	0.000595842	0.000418357	0.000278905	0.000646552	0.000760649	0.000215517	0	0	0	0	0.000443712	0.000177485	0.000139452	0.00020284	0.000164807	0.000266227	7.61e-05	0	1.27e-05	5.07e-05	3.8e-05	0.00010142	2.54e-05	5.07e-05	1.27e-05	6.34e-05	0	0	1.27e-05	0	0	0	0	0	0	0	0	0	0	0	0	0	0	0	0	0.032074037
"PHM10_Z1_2"	0.705007606	0.035927992	0.078296146	0.067824544	0.012538032	0.018204868	0.015631339	0.029069473	0.009317951	0.001610041	0.004208925	0.001052231	0	0.000481744	0.000291582	0.000240872	0.000190162	0.000177485	0.00035497	0.000126775	0	0	0	1.27e-05	0.00025355	8.87e-05	6.34e-05	7.61e-05	2.54e-05	0.000164807	3.8e-05	0	5.07e-05	2.54e-05	5.07e-05	5.07e-05	2.54e-05	3.8e-05	0	0	0	0	0	0	0	0	1.27e-05	0	0	0	0	0	0	0	0	0	0	0	0	0.018471095
"PHM10_Z1_3"	0.523782961	0.032986815	0.106186613	0.130020284	0.037170385	0.027789047	0.024835193	0.049087221	0.013463489	0.005590771	0.009115112	0.001331136	0.000114097	0.001495943	0.000443712	0.000367647	0.000583164	0.000342292	0.000824037	0.000342292	8.87e-05	1.27e-05	0	2.54e-05	0.000456389	0.000240872	0.00020284	0.000190162	2.54e-05	0.000215517	5.07e-05	0	2.54e-05	6.34e-05	5.07e-05	0.000114097	5.07e-05	6.34e-05	0	1.27e-05	0	0	0	0	0	0	1.27e-05	0	0	0	0	0	0	0	0	0	0	0	0	0.032226166
"LH205_Z1_1"	0.630045639	0.035370183	0.077789047	0.096196755	0.031490872	0.021133367	0.014452333	0.040162272	0.01073783	0.00846856	0.006009128	0.001267748	0.000164807	0.001204361	0.000469067	0.00035497	0.00030426	0.000266227	0.000519777	0.000164807	0.000139452	1.27e-05	0	0	0.000519777	0.000164807	0.000164807	0.000164807	2.54e-05	0.000126775	6.34e-05	0	0	0	3.8e-05	0.00010142	3.8e-05	1.27e-05	0	1.27e-05	1.27e-05	0	0	0	0	0	0	2.54e-05	0	0	0	0	0	0	0	0	0	0	0	0.021805274
"LH205_Z1_2"	0.591138438	0.024581643	0.07056288	0.131110548	0.014477688	0.039059331	0.020410751	0.046982759	0.015631339	0.003029919	0.006110548	0.002129817	0	0.001521298	0.001533976	0.00040568	0.000722617	0.000164807	0.000811359	0.00010142	1.27e-05	1.27e-05	0	2.54e-05	0.000646552	0.000126775	0.00010142	0.00020284	5.07e-05	0.000329615	0.000164807	0	0.000126775	0	8.87e-05	0.000126775	3.8e-05	3.8e-05	5.07e-05	0	0	0	0	0	0	0	0	0	0	0	0	0	0	0	0	0	0	0	0	0.02737069
"LH205_Z1_3"	0.442558316	0.03770284	0.171653144	0.131795132	0.038514199	0.030717546	0.029373732	0.050329615	0.016391988	0.002712982	0.008405172	0.001546653	0.000139452	0.001394523	0.000393002	0.000469067	0.000177485	0.000431034	0.000773327	0.000507099	0.00015213	7.61e-05	0	1.27e-05	0.000266227	0.000139452	3.8e-05	0.000114097	6.34e-05	0.000177485	1.27e-05	0	0	0.00015213	5.07e-05	0.000114097	8.87e-05	2.54e-05	3.8e-05	0	7.61e-05	0	0	0	0	0	0	0	0	0	0	0	0	0	0	0	0	0	0	0.032416329
"PHW51_Z1_1"	0.533696755	0.044713489	0.115682049	0.10640213	0.040225659	0.02686359	0.023339249	0.045157201	0.013095842	0.003017241	0.011435091	0.00181288	3.8e-05	0.001381846	0.000811359	0.000595842	0.000380325	0.000367647	0.000621197	0.000329615	3.8e-05	3.8e-05	0	0.000114097	0.000507099	0.000177485	0.00025355	0.000215517	8.87e-05	8.87e-05	6.34e-05	0	2.54e-05	7.61e-05	5.07e-05	3.8e-05	5.07e-05	5.07e-05	0	5.07e-05	0	1.27e-05	0	1.27e-05	0	0	0	0	0	0	0	0	0	0	0	0	0	0	0	0.028080629
"PHW51_Z1_2"	0.513945233	0.034495436	0.093433063	0.145588235	0.029120183	0.040162272	0.023529412	0.044307809	0.02086714	0.00438641	0.007517748	0.001445233	0	0.001229716	0.001153651	0.000887424	0.001090264	0.000215517	0.000595842	0.000684584	2.54e-05	1.27e-05	0	0.00015213	0.000583164	0.00015213	0.000507099	0.000266227	5.07e-05	0.00015213	0.000266227	0	0.000190162	3.8e-05	0.000177485	0.000126775	0.00010142	6.34e-05	0.000114097	1.27e-05	0	1.27e-05	0	0	0	0	0	0	0	0	0	0	0	0	1.27e-05	1.27e-05	0	0	0	0.032314909
"PHW51_Z1_3"	0.474835193	0.033481237	0.148668864	0.119916329	0.038755071	0.037943712	0.028220081	0.055159736	0.009863083	0.002801724	0.008912272	0.001280426	0.000177485	0.001331136	0.000519777	0.000443712	0.000367647	0.000507099	0.000418357	0.000215517	0.000114097	2.54e-05	0	0	0.000316937	0.000139452	0.00010142	0.00015213	1.27e-05	0.000177485	3.8e-05	0	7.61e-05	1.27e-05	1.27e-05	0.00015213	1.27e-05	8.87e-05	1.27e-05	2.54e-05	5.07e-05	1.27e-05	0	0	0	0	0	0	0	0	0	0	0	0	0	0	0	0	0	0.034647566
"B73_Z1_1"	0.5163286	0.042292089	0.082733266	0.132289554	0.053562373	0.033037525	0.022350406	0.047236308	0.009533469	0.011156187	0.00856998	0.001356491	0.000114097	0.001850913	0.000608519	0.000494422	0.000583164	0.000380325	0.000646552	0.000266227	0.00010142	1.27e-05	0	2.54e-05	0.000545132	0.000164807	0.000139452	0.000215517	3.8e-05	0.000240872	7.61e-05	0	5.07e-05	5.07e-05	3.8e-05	7.61e-05	6.34e-05	0	1.27e-05	2.54e-05	1.27e-05	0	0	0	0	0	0	0	0	0	0	0	0	0	1.27e-05	0	0	0	0	0.032707911
"B73_Z1_2"	0.482467039	0.029994929	0.078701826	0.19551217	0.035243408	0.022819473	0.02943712	0.041493408	0.022084178	0.013653651	0.007543103	0.003017241	0.00010142	0.000925456	0.000646552	0.000900101	0.001026876	7.61e-05	0.000633874	0.00025355	3.8e-05	0	0	2.54e-05	0.000786004	0.00020284	8.87e-05	0.00025355	2.54e-05	0.00015213	0.000190162	0	0.000177485	3.8e-05	8.87e-05	7.61e-05	7.61e-05	3.8e-05	1.27e-05	0	0	0	0	0	0	0	1.27e-05	0	0	0	0	0	0	0	0	0	0	0	0	0.031186613
"B73_Z1_3"	0.500393002	0.050076065	0.106059838	0.14606998	0.038957911	0.021551724	0.032606491	0.044371197	0.015884888	0.002928499	0.007872718	0.001559331	0.000126775	0.000976166	0.000709939	0.000456389	0.000316937	0.000316937	0.000671907	0.000329615	0.00010142	2.54e-05	0	6.34e-05	0.000494422	0.000139452	0.000164807	0.000177485	3.8e-05	0.00020284	7.61e-05	0	7.61e-05	8.87e-05	2.54e-05	6.34e-05	8.87e-05	1.27e-05	0	1.27e-05	3.8e-05	0	0	0	0	0	0	0	0	0	0	0	0	0	0	0	0	0	0	0.025874746
"A632_Z1_1"	0.723466024	0.070600913	0.058848884	0.048985801	0.019840264	0.021386917	0.008962982	0.021906694	0.004880832	0.001014199	0.003055274	0.000519777	1.27e-05	0.000760649	0.00035497	0.000240872	0.000139452	0.000240872	0.000278905	0.000177485	2.54e-05	1.27e-05	1.27e-05	0	0.00010142	8.87e-05	3.8e-05	3.8e-05	3.8e-05	0.000126775	0	0	3.8e-05	2.54e-05	2.54e-05	1.27e-05	2.54e-05	1.27e-05	0	1.27e-05	0	0	0	0	0	0	0	0	0	0	0	0	0	0	0	0	0	0	0	0.013691684
"A632_Z1_2"	0.453473631	0.037576065	0.119738844	0.164896045	0.031313387	0.023199797	0.036092799	0.044168357	0.029563895	0.009825051	0.007860041	0.003917343	2.54e-05	0.001217039	0.000316937	0.000849391	0.000494422	0.000393002	0.000963489	0.000393002	0	0	1.27e-05	3.8e-05	0.000431034	0.00020284	0.000164807	0.000291582	2.54e-05	0.000164807	7.61e-05	0	5.07e-05	6.34e-05	3.8e-05	8.87e-05	8.87e-05	3.8e-05	0	0	5.07e-05	1.27e-05	0	0	0	0	0	0	0	0	0	0	0	0	0	0	0	0	0	0.031883874
"A632_Z1_3"	0.505109026	0.033227688	0.119282454	0.138564909	0.031338742	0.032289554	0.026546653	0.049581643	0.015479209	0.001926978	0.008836207	0.001622718	0.00015213	0.001267748	0.000431034	0.00040568	0.000456389	0.000418357	0.000976166	0.000266227	8.87e-05	0	0	0	0.000456389	0.00015213	0.000164807	0.00020284	2.54e-05	0.000278905	5.07e-05	0	0	6.34e-05	8.87e-05	6.34e-05	6.34e-05	2.54e-05	0	2.54e-05	0	2.54e-05	0	0	0	0	0	0	0	0	0	0	0	0	0	0	0	0	0	0.030045639
"Mo17_Z1_1"	0.428765213	0.050076065	0.12701572	0.123377282	0.05619929	0.052928499	0.031706389	0.059698276	0.012563387	0.003080629	0.007175456	0.001622718	0.000114097	0.002104462	0.000545132	0.000342292	0.000215517	0.000938134	0.000646552	0.00035497	0.000291582	1.27e-05	0	1.27e-05	0.000342292	0.000240872	0.000190162	0.000329615	0.000190162	0.000114097	5.07e-05	0	5.07e-05	2.54e-05	2.54e-05	8.87e-05	0.00010142	0.000126775	3.8e-05	6.34e-05	0	0	0	0	0	0	0	0	0	0	0	0	0	0	1.27e-05	0	0	0	0	0.038222617
"Mo17_Z1_2"	0.61688641	0.020436105	0.057378296	0.127256592	0.022794118	0.023351927	0.022172921	0.049213996	0.013640974	0.005983773	0.008189655	0.003118661	0	0.000786004	0.001204361	0.000291582	0.000469067	0.000114097	0.000469067	0.000190162	0	0	0	3.8e-05	0.000329615	0.000126775	7.61e-05	0.000114097	2.54e-05	5.07e-05	0	0	0.000177485	2.54e-05	7.61e-05	8.87e-05	5.07e-05	6.34e-05	0	0	0	7.61e-05	0	2.54e-05	0	0	0	0	0	0	0	0	0	0	0	0	0	0	0	0.024708418
"Mo17_Z1_3"	0.592114604	0.021424949	0.05619929	0.153752535	0.022857505	0.02459432	0.02101927	0.045943205	0.015289047	0.003803245	0.007530426	0.002636917	2.54e-05	0.001064909	0.000798682	0.000608519	0.001381846	7.61e-05	0.000709939	8.87e-05	0	0	0	2.54e-05	0.00030426	0.000177485	8.87e-05	0.000139452	0	7.61e-05	0.000139452	0	0.000114097	1.27e-05	3.8e-05	0.00015213	3.8e-05	0.000114097	0	2.54e-05	2.54e-05	1.27e-05	0	0	0	0	1.27e-05	0	0	0	0	0	0	0	0	0	0	0	0	0.026584686
"LH51_Z1_1"	0.448529412	0.037170385	0.15413286	0.100215517	0.020322008	0.064033976	0.029399087	0.06260142	0.015377789	0.010991379	0.008886917	0.001787525	0	0.001102941	0.000557809	0.000380325	0.00040568	0.000557809	0.000773327	0.00020284	0	0	0	2.54e-05	0.000164807	0.00020284	3.8e-05	0.000126775	1.27e-05	0.000190162	6.34e-05	0	7.61e-05	3.8e-05	0	2.54e-05	3.8e-05	3.8e-05	0	1.27e-05	0	0	0	0	0	0	0	0	0	0	0	0	0	0	0	0	0	0	0	0.041518763
"LH51_Z1_2"	0.438717039	0.089072008	0.131795132	0.105007606	0.024315416	0.052459432	0.025697262	0.054855477	0.019028905	0.009977181	0.006909229	0.001267748	0	0.002041075	0.000735294	0.000570487	0.000418357	0.000266227	0.000418357	0.000367647	1.27e-05	0	2.54e-05	0	0.000380325	0.000190162	0.000190162	0.000240872	1.27e-05	0.000266227	0.000215517	0	3.8e-05	3.8e-05	7.61e-05	0.000114097	7.61e-05	2.54e-05	0	0	2.54e-05	0	2.54e-05	0	0	0	0	0	0	0	0	0	0	0	0	0	0	0	0	0.034127789
"LH51_Z1_3"	0.468876775	0.038146552	0.146298174	0.138362069	0.036333671	0.03114858	0.028283469	0.049391481	0.010471602	0.003042596	0.008886917	0.001280426	0	0.001736815	0.000380325	0.000291582	0.000215517	0.000684584	0.000228195	0.000367647	0	0	1.27e-05	2.54e-05	0.000431034	0.00010142	0.00020284	0.000190162	8.87e-05	0.00015213	3.8e-05	0	1.27e-05	6.34e-05	5.07e-05	8.87e-05	5.07e-05	5.07e-05	0	5.07e-05	0	0	0	0	0	0	0	0	0	0	0	0	0	0	0	0	0	0	0	0.033962982
"LH52_Z1_1"	0.684317951	0.023453347	0.066100406	0.076280426	0.023757606	0.030121704	0.01653144	0.037588742	0.005806288	0.000735294	0.006693712	0.001026876	0.00010142	0.001648073	0.000494422	0.00020284	0.000228195	0.00040568	0.000380325	0.000139452	3.8e-05	5.07e-05	0	0	0.000443712	0.000126775	0.000126775	0.000139452	0.00015213	0.000139452	1.27e-05	0	7.61e-05	3.8e-05	2.54e-05	5.07e-05	1.27e-05	8.87e-05	1.27e-05	2.54e-05	0	0	0	0	0	0	0	1.27e-05	0	0	0	0	0	0	0	0	0	0	0	0.022413793
"LH52_Z1_2"	0.321247465	0.035573022	0.204576572	0.11643002	0.016062373	0.032974138	0.097337728	0.046209432	0.038349391	0.002560852	0.010420892	0.009165822	0	0.001901623	0.000887424	0.000697262	0.000747972	0.001508621	0.001343813	0.00020284	0	0	0	1.27e-05	0.00010142	0.000849391	6.34e-05	0.00030426	8.87e-05	0.000215517	8.87e-05	0	0.000215517	2.54e-05	6.34e-05	0.000164807	1.27e-05	0.00010142	0	0	0	3.8e-05	3.8e-05	1.27e-05	0	0	2.54e-05	0	0	0	1.27e-05	0	0	0	0	0	0	0	0	0.059368661
"LH52_Z1_3"	0.516163793	0.069865619	0.084736308	0.125735294	0.018585193	0.032048682	0.029221602	0.058493915	0.020575558	0.002890467	0.00640213	0.001724138	3.8e-05	0.001204361	0.001001521	0.000456389	0.000684584	0.000177485	0.000494422	0.000164807	0	0	1.27e-05	3.8e-05	0.00035497	0.000228195	0.000177485	0.000228195	3.8e-05	0.000114097	0.000126775	0	5.07e-05	1.27e-05	1.27e-05	0.00015213	7.61e-05	5.07e-05	0	0	0	0	0	0	0	0	0	0	0	0	0	0	0	0	0	0	0	0	0	0.027662272
"E8501_Z1_1"	0.500139452	0.065593306	0.124568966	0.092177992	0.030552738	0.042127282	0.028942698	0.054069473	0.012322515	0.0024214	0.006972617	0.001242394	1.27e-05	0.00226927	0.000786004	0.00040568	0.000228195	0.000722617	0.00035497	0.00030426	0	7.61e-05	0	0	0.000393002	0.000190162	7.61e-05	0.00020284	0.00015213	0.000114097	0.000177485	0	5.07e-05	3.8e-05	0	6.34e-05	7.61e-05	2.54e-05	0	7.61e-05	3.8e-05	1.27e-05	0	0	0	0	0	0	0	0	0	0	0	0	0	0	0	0	0	0.032023327
"E8501_Z1_2"	0.661498479	0.036346349	0.100469067	0.06643002	0.010091278	0.018559838	0.021399594	0.03744929	0.011232252	0.00221856	0.003714503	0.001102941	0	0.000684584	0.000342292	0.000342292	0.00030426	0.000190162	0.000266227	0.000139452	0	0	0	0	0.000126775	0.000139452	2.54e-05	0.000139452	0	0.00015213	3.8e-05	0	7.61e-05	6.34e-05	2.54e-05	1.27e-05	3.8e-05	6.34e-05	0	0	0	0	0	0	0	0	0	1.27e-05	0	0	0	0	0	0	0	0	0	0	0	0.026305781
"E8501_Z1_3"	0.532974138	0.025621197	0.103600406	0.148859026	0.034089757	0.023009635	0.026825558	0.044092292	0.013438134	0.00393002	0.009026369	0.001381846	1.27e-05	0.001179006	0.000507099	0.000443712	0.000342292	0.000266227	0.000862069	0.000342292	0	0	1.27e-05	6.34e-05	0.000443712	0.00015213	0.000215517	0.00020284	3.8e-05	0.000164807	2.54e-05	0	2.54e-05	7.61e-05	6.34e-05	8.87e-05	3.8e-05	5.07e-05	0	1.27e-05	1.27e-05	0	0	0	0	0	0	0	1.27e-05	0	0	0	0	0	0	0	0	0	0	0.027497465
"LH93_Z1_1"	0.552865112	0.015479209	0.061663286	0.174074544	0.02893002	0.030400609	0.022020791	0.039553753	0.015466531	0.007923428	0.010002535	0.004665314	5.07e-05	0.000988844	0.000874746	0.000608519	0.001559331	0.000114097	0.001318458	0.000114097	0	0	0	1.27e-05	0.000380325	0.00025355	0.000177485	0.000126775	3.8e-05	0.000164807	1.27e-05	0	0.000190162	5.07e-05	2.54e-05	0.00010142	2.54e-05	0.000126775	0	1.27e-05	1.27e-05	3.8e-05	2.54e-05	0	0	0	0	0	0	0	0	0	0	0	0	0	0	0	0	0.029551217
"LH93_Z1_2"	0.537335193	0.044979716	0.072920892	0.13719574	0.030045639	0.032188134	0.023757606	0.053727181	0.012360548	0.003017241	0.009787018	0.001850913	0.000164807	0.00186359	0.000684584	0.000507099	0.000532454	0.000215517	0.000697262	0.000278905	0	0	2.54e-05	0.00030426	0.000380325	0.000190162	0.00020284	0.000342292	0	0.000164807	3.8e-05	0	7.61e-05	1.27e-05	0.000126775	0.000126775	0.000126775	0.000114097	0	2.54e-05	0	0	0	0	0	1.27e-05	0	0	0	0	0	0	0	0	0	0	0	0	0	0.03362069
"LH93_Z1_3"	0.474137931	0.045753043	0.156338742	0.123909736	0.029563895	0.02273073	0.026026876	0.054855477	0.012664807	0.004158215	0.008924949	0.001153651	3.8e-05	0.001280426	0.000418357	0.000393002	0.000291582	0.000367647	0.000659229	0.000291582	1.27e-05	0.000164807	1.27e-05	0	0.000443712	0.00020284	6.34e-05	0.00020284	0.00010142	0.000228195	1.27e-05	0	2.54e-05	3.8e-05	3.8e-05	8.87e-05	0.00010142	6.34e-05	2.54e-05	0	0	0	2.54e-05	0	0	0	0	0	0	0	0	0	0	0	1.27e-05	0	0	0	0	0.034178499
"PHJ31_Z1_1"	0.461752028	0.047641988	0.149378803	0.113209939	0.035344828	0.037221095	0.034723631	0.051191684	0.017469574	0.003194726	0.007860041	0.001686105	0	0.002243915	0.001343813	0.000481744	0.000342292	0.000684584	0.000278905	0.00035497	6.34e-05	7.61e-05	0	0	0.000481744	0.000177485	0.000228195	0.000278905	0.00015213	7.61e-05	0.000139452	0	7.61e-05	6.34e-05	7.61e-05	0.000114097	7.61e-05	8.87e-05	0	1.27e-05	5.07e-05	2.54e-05	2.54e-05	1.27e-05	0	0	0	0	0	0	1.27e-05	0	0	0	0	0	0	0	0	0.031288032
"PHJ31_Z1_2"	0.494028905	0.021640467	0.122768763	0.144561359	0.020436105	0.019650101	0.033278398	0.056059838	0.022223631	0.006186613	0.01073783	0.002712982	0	0.001445233	0.001736815	0.000887424	0.000900101	0.000278905	0.000608519	0.000329615	2.54e-05	0	0	0.000177485	0.000469067	0.000291582	0.000316937	0.000342292	2.54e-05	0.000114097	0.000266227	0	0.000126775	0	0.00010142	0.000228195	0.00015213	6.34e-05	5.07e-05	1.27e-05	0	0	6.34e-05	0	3.8e-05	0	2.54e-05	0	0	0	0	0	0	0	0	0	0	0	0	0.036637931
"PHJ31_Z1_3"	0.479880832	0.04203854	0.156516227	0.088336714	0.027624239	0.034127789	0.028296146	0.065960953	0.016227181	0.00650355	0.01023073	0.000735294	3.8e-05	0.001419878	0.000278905	0.000266227	0.000393002	0.000849391	0.000139452	0.00030426	0	0	0	1.27e-05	0.000329615	0.000126775	8.87e-05	0.000177485	0.000114097	8.87e-05	6.34e-05	0	5.07e-05	0.000139452	2.54e-05	7.61e-05	3.8e-05	2.54e-05	1.27e-05	5.07e-05	0	1.27e-05	0	1.27e-05	0	1.27e-05	0	0	0	0	0	0	0	0	0	0	0	0	0	0.038374746
"PHW20_Z1_1"	0.535649087	0.024860548	0.084888438	0.176407201	0.022489858	0.015466531	0.027446755	0.043661258	0.015796146	0.012474645	0.006059838	0.0024214	6.34e-05	0.000925456	0.000545132	0.00025355	0.001128296	0.00015213	0.000621197	5.07e-05	0	0	0	0	0.00035497	0.000190162	0.000126775	0.000228195	1.27e-05	0.000177485	6.34e-05	0	7.61e-05	0	2.54e-05	0.000114097	1.27e-05	0	0	0	0	1.27e-05	0	0	0	0	0	0	0	0	0	0	0	0	0	0	0	0	0	0.027243915
"PHW20_Z1_2"	0.492380832	0.034926471	0.123009635	0.12298428	0.02525355	0.039135396	0.033684077	0.052307302	0.019650101	0.00650355	0.007416329	0.001926978	0	0.001660751	0.000722617	0.000570487	0.000570487	0.000278905	0.000418357	0.00030426	0	2.54e-05	0	2.54e-05	0.000418357	0.000278905	0.000228195	0.000393002	6.34e-05	0.00020284	0.00020284	0	0.00010142	1.27e-05	3.8e-05	2.54e-05	0.000114097	5.07e-05	0	0	0	0	1.27e-05	0	0	0	0	0	2.54e-05	0	0	0	0	0	0	0	0	0	0	0.034077079
"PHW20_Z1_3"	0.530628803	0.045157201	0.104728702	0.139046653	0.023389959	0.020322008	0.027611562	0.046919371	0.015707404	0.005273834	0.007568458	0.001432556	2.54e-05	0.000950811	0.000329615	0.000494422	0.000418357	0.000114097	0.000494422	0.000164807	3.8e-05	1.27e-05	1.27e-05	1.27e-05	0.000570487	0.00020284	8.87e-05	0.000164807	1.27e-05	0.00015213	6.34e-05	0	1.27e-05	1.27e-05	0.000114097	1.27e-05	7.61e-05	6.34e-05	0	0	2.54e-05	1.27e-05	0	0	0	1.27e-05	0	0	0	0	0	0	0	0	0	0	0	0	0	0.027548174
"W64A_Z1_1"	0.61018002	0.032048682	0.140821501	0.067266734	0.010699797	0.023301217	0.021006592	0.047160243	0.010116633	0.0019143	0.004804767	0.000811359	2.54e-05	0.000862069	0.000443712	0.00015213	0.000190162	0.00025355	0.000278905	0.000114097	0	0	0	0	0.000228195	0.00010142	3.8e-05	7.61e-05	6.34e-05	0.000114097	2.54e-05	0	3.8e-05	1.27e-05	2.54e-05	5.07e-05	5.07e-05	6.34e-05	2.54e-05	0	1.27e-05	0	0	1.27e-05	0	0	1.27e-05	0	0	0	0	0	0	0	0	0	0	0	0	0.026597363
"W64A_Z1_2"	0.492482252	0.085611055	0.11290568	0.094675456	0.02928499	0.041455375	0.025190162	0.049518256	0.019383874	0.001407201	0.007783976	0.001445233	0.000114097	0.001698783	0.000836714	0.000380325	0.000329615	0.000393002	0.000532454	0.000215517	0	0	0	0	0.000380325	0.000164807	0.000114097	0.000278905	6.34e-05	0.000164807	0.00010142	0	0.000139452	8.87e-05	6.34e-05	0.00015213	6.34e-05	8.87e-05	1.27e-05	2.54e-05	3.8e-05	2.54e-05	0	0	0	0	0	0	0	0	0	0	0	0	1.27e-05	0	0	0	0	0.032378296
"W64A_Z1_3"	0.526939655	0.027573529	0.111029412	0.130654158	0.025038032	0.026508621	0.026407201	0.055299189	0.014756592	0.006288032	0.008646045	0.001457911	3.8e-05	0.001305781	0.000393002	0.000443712	0.000583164	0.000342292	0.000557809	0.000177485	7.61e-05	1.27e-05	1.27e-05	3.8e-05	0.000862069	0.000215517	0.000139452	0.000177485	6.34e-05	0.000240872	2.54e-05	0	6.34e-05	5.07e-05	7.61e-05	6.34e-05	6.34e-05	3.8e-05	3.8e-05	1.27e-05	1.27e-05	2.54e-05	2.54e-05	0	0	1.27e-05	0	0	0	0	0	0	0	0	0	0	0	0	0	0.03321501
"LH38_Z2_1"	0.503968053	0.054399087	0.120220588	0.100950811	0.052674949	0.036181542	0.021399594	0.05035497	0.010953347	0.00176217	0.007352941	0.001280426	2.54e-05	0.002155172	0.000532454	0.000393002	0.000278905	0.000633874	0.000633874	0.000507099	7.61e-05	0	0	0	0.000583164	0.000228195	0.000215517	0.000240872	0.000114097	0.00030426	8.87e-05	0	3.8e-05	6.34e-05	0	6.34e-05	3.8e-05	3.8e-05	0	3.8e-05	1.27e-05	1.27e-05	0	0	0	0	0	0	0	0	0	0	0	0	0	0	0	0	0	0.031186613
"LH38_Z2_2"	0.57328854	0.060940669	0.094738844	0.104982252	0.03306288	0.027041075	0.01627789	0.044852941	0.00796146	0.001153651	0.00655426	0.000709939	0.000114097	0.001356491	0.000557809	0.00020284	0.000278905	0.000278905	0.00025355	0.00015213	8.87e-05	3.8e-05	0	0	0.00030426	0.000228195	0.000164807	0.00015213	6.34e-05	8.87e-05	5.07e-05	0	2.54e-05	5.07e-05	3.8e-05	6.34e-05	5.07e-05	6.34e-05	0	3.8e-05	0	0	0	0	0	0	0	0	0	0	0	0	0	0	0	0	0	0	0	0.023732252
"LH38_Z2_3"	0.588717039	0.03987069	0.077966531	0.101736815	0.040403144	0.04581643	0.021336207	0.036371704	0.013362069	0.000925456	0.005210446	0.001369168	2.54e-05	0.001305781	0.000481744	0.000342292	0.000393002	0.000316937	0.000291582	0.000126775	0	0	0	1.27e-05	0.000278905	7.61e-05	2.54e-05	0.00025355	1.27e-05	0.000126775	0.000114097	0	5.07e-05	3.8e-05	8.87e-05	6.34e-05	0.000114097	8.87e-05	5.07e-05	0	0	0	0	0	0	0	1.27e-05	0	0	0	0	0	0	0	0	0	0	0	0	0.022223631
"LH39_Z2_1"	0.536929513	0.04163286	0.084571501	0.12948783	0.032048682	0.042000507	0.022743408	0.049860548	0.009153144	0.002903144	0.007657201	0.001470588	3.8e-05	0.002193205	0.000747972	0.000316937	0.00040568	0.000316937	0.001001521	0.000291582	1.27e-05	0	0	0	0.000342292	0.000240872	0.000164807	0.000240872	7.61e-05	0.000291582	5.07e-05	0	0.00010142	0	0	0.000139452	7.61e-05	5.07e-05	0	0	0	1.27e-05	2.54e-05	0	0	0	0	0	0	0	0	0	0	0	0	0	0	0	0	0.032403651
"LH39_Z2_2"	0.394827586	0.121247465	0.17701572	0.090732759	0.031110548	0.038983266	0.022375761	0.053258114	0.017570994	0.002345335	0.008354462	0.000811359	6.34e-05	0.001977688	0.000633874	0.000342292	0.000215517	0.000456389	0.000507099	0.00035497	3.8e-05	2.54e-05	1.27e-05	1.27e-05	0.00030426	0.000177485	0.00010142	0.000266227	8.87e-05	0.000228195	0.000114097	0	6.34e-05	2.54e-05	5.07e-05	5.07e-05	0.00010142	2.54e-05	0	0	0	1.27e-05	0	0	0	0	0	0	0	0	0	0	0	0	0	0	0	0	0	0.035116633
"LH39_Z2_3"	0.453067951	0.058772819	0.096881339	0.189693205	0.028080629	0.022401116	0.032885396	0.04380071	0.022553245	0.008455882	0.005476673	0.002611562	0	0.001635396	0.000583164	0.000671907	0.000608519	0.000126775	0.000367647	0.00015213	0	0	0	0	0.000342292	0.00020284	0.000190162	0.000190162	1.27e-05	0.000139452	3.8e-05	0	2.54e-05	5.07e-05	0.00010142	0.000164807	0.000114097	3.8e-05	5.07e-05	0	0	0	0	0	0	0	1.27e-05	0	0	0	0	0	0	0	0	0	0	0	0	0.029500507
"78371A_Z2_1"	0.538628296	0.055261156	0.103460953	0.106592292	0.055869675	0.028296146	0.019383874	0.041138438	0.007847363	0.003207404	0.009381339	0.000849391	3.8e-05	0.001508621	0.001242394	0.000316937	0.000240872	0.000443712	0.000228195	0.000316937	1.27e-05	6.34e-05	2.54e-05	0	0.000278905	8.87e-05	0.000139452	0.000126775	7.61e-05	0.000126775	0	0	2.54e-05	5.07e-05	1.27e-05	7.61e-05	5.07e-05	6.34e-05	0	1.27e-05	0	1.27e-05	0	0	0	0	0	0	0	0	0	0	0	0	0	0	0	0	0	0.024505578
"78371A_Z2_2"	0.632124746	0.066455375	0.089008621	0.076255071	0.014693205	0.021729209	0.017659736	0.037423935	0.009710953	0.000684584	0.004804767	0.001052231	0	0.001052231	0.000760649	0.000215517	0.000164807	0.00020284	0.000291582	0.00015213	2.54e-05	0	0	0	0.000177485	0.000139452	5.07e-05	0.000114097	1.27e-05	0.000126775	6.34e-05	0	2.54e-05	0	3.8e-05	5.07e-05	2.54e-05	7.61e-05	0	0	1.27e-05	0	2.54e-05	0	0	0	0	0	0	0	0	0	0	0	0	0	0	0	0	0.02459432
"78371A_Z2_3"	0.53160497	0.082429006	0.093990872	0.102231237	0.028613083	0.030349899	0.018876775	0.058481237	0.008138945	0.00438641	0.005742901	0.000938134	5.07e-05	0.001407201	0.00035497	0.00020284	0.000393002	0.000190162	0.000507099	0.00020284	0.00010142	0	1.27e-05	0	0.00030426	0.00020284	0.000126775	0.000114097	1.27e-05	0.000164807	3.8e-05	0	3.8e-05	6.34e-05	5.07e-05	8.87e-05	5.07e-05	3.8e-05	2.54e-05	2.54e-05	0	0	0	0	0	0	0	0	0	0	0	0	0	0	0	0	0	0	0	0.029449797
"787_Z2_1"	0.545778398	0.036143509	0.056123225	0.07948783	0.090403144	0.083633367	0.015453854	0.039059331	0.009051724	0.003765213	0.008506592	0.001305781	0.001977688	0.001255071	0.000367647	0.000418357	0.000164807	0.00035497	0.001090264	0.000228195	0.001064909	0.000126775	0.001014199	7.61e-05	0.000164807	5.07e-05	0.00015213	0.00010142	0.000114097	0.00010142	1.27e-05	0.00030426	3.8e-05	8.87e-05	2.54e-05	2.54e-05	1.27e-05	2.54e-05	0	5.07e-05	0	0	0	0	0	0	0	0	1.27e-05	0	0	0	0	0	0	0	0	0	0	0.021868661
"787_Z2_2"	0.466873732	0.063184584	0.102712982	0.064807302	0.089046653	0.090479209	0.020182556	0.039249493	0.013083164	0.00448783	0.009127789	0.000735294	0.001635396	0.001660751	0.000722617	0.000747972	8.87e-05	0.000950811	0.000621197	0.000367647	0.001153651	6.34e-05	0.000583164	0.000494422	0.00020284	1.27e-05	0.000228195	0.00010142	0.000114097	0.000228195	3.8e-05	0.000126775	8.87e-05	7.61e-05	0	6.34e-05	0	3.8e-05	1.27e-05	1.27e-05	0	0	0	0	0	0	0	0	0	0	0	0	0	0	0	0	1.27e-05	0	0	0.025583164
"787_Z2_3"	0.371108012	0.115656694	0.102991886	0.065618661	0.130907708	0.08780426	0.02303499	0.033430527	0.016911765	0.004246957	0.0086714	0.000963489	0.002611562	0.001648073	0.000456389	0.001888945	8.87e-05	0.001064909	0.000925456	0.000786004	7.61e-05	0.00010142	7.61e-05	0.000342292	0.000418357	2.54e-05	0.000393002	0.000126775	0.000139452	0.00020284	3.8e-05	0	7.61e-05	0.000126775	2.54e-05	3.8e-05	1.27e-05	2.54e-05	2.54e-05	6.34e-05	3.8e-05	0	0	1.27e-05	0	0	0	0	2.54e-05	0	0	0	0	0	0	0	1.27e-05	0	0	0.02676217
"IB014_Z2_1"	0.45826572	0.086536511	0.09586714	0.129665314	0.08094574	0.033088235	0.022122211	0.040580629	0.009470081	0.003042596	0.006364097	0.001267748	6.34e-05	0.00181288	0.000507099	0.000266227	0.00040568	0.000266227	0.000608519	0.000291582	3.8e-05	1.27e-05	0	0	0.000545132	0.000266227	0.00015213	0.000215517	6.34e-05	0.000215517	0.000126775	0	1.27e-05	0	0	8.87e-05	0.000139452	0	2.54e-05	3.8e-05	1.27e-05	0	0	0	0	0	0	0	0	0	0	1.27e-05	0	0	0	0	0	0	0	0.026597363
"IB014_Z2_2"	0.525494422	0.057036004	0.123073022	0.096817951	0.036371704	0.026660751	0.0225786	0.049657708	0.015669371	0.001381846	0.005869675	0.001077586	0.00015213	0.001787525	0.001052231	0.000266227	0.000342292	0.000431034	0.000393002	0.00020284	2.54e-05	0.000114097	1.27e-05	1.27e-05	0.000393002	0.000240872	0.000190162	0.00020284	5.07e-05	0.000240872	0.000139452	0	0	3.8e-05	2.54e-05	2.54e-05	5.07e-05	5.07e-05	0	5.07e-05	0	1.27e-05	0	0	0	0	2.54e-05	0	0	0	0	0	0	0	0	0	0	0	0	0.031782454
"IB014_Z2_3"	0.421615112	0.205451318	0.104830122	0.11637931	0.021716531	0.015986308	0.021462982	0.032606491	0.023973124	0.005628803	0.004196247	0.001508621	0	0.000633874	0.000646552	0.000278905	0.000393002	0.00010142	0.000240872	8.87e-05	0	0	0	0	0.000418357	0.00015213	7.61e-05	0.000190162	1.27e-05	0.00015213	1.27e-05	0	2.54e-05	2.54e-05	8.87e-05	1.27e-05	5.07e-05	1.27e-05	0	0	0	1.27e-05	0	0	0	0	0	0	0	0	0	0	0	0	0	0	0	0	0	0.02101927
"PHN11_Z2_1"	0.483227688	0.079094828	0.109406694	0.116176471	0.060294118	0.035813895	0.023542089	0.040720081	0.007898073	0.000735294	0.006262677	0.001457911	5.07e-05	0.001990365	0.000900101	0.00040568	0.000456389	0.000367647	0.000494422	0.000266227	3.8e-05	0	0	0	0.000545132	0.000164807	0.00010142	0.000177485	8.87e-05	0.00035497	6.34e-05	0	6.34e-05	1.27e-05	5.07e-05	8.87e-05	5.07e-05	3.8e-05	1.27e-05	1.27e-05	3.8e-05	2.54e-05	0	0	0	0	0	0	0	0	0	0	0	0	0	0	0	0	0	0.028511663
"PHN11_Z2_2"	0.55005071	0.062791582	0.109267241	0.101166329	0.030375254	0.023884381	0.016721602	0.049670385	0.011460446	0.001686105	0.010103955	0.001204361	0.000114097	0.001217039	0.000874746	0.000291582	0.000393002	0.000278905	0.000532454	0.00020284	5.07e-05	0.000190162	0	3.8e-05	0.00030426	0.00020284	0.000164807	0.00010142	7.61e-05	0.000114097	5.07e-05	1.27e-05	5.07e-05	2.54e-05	2.54e-05	2.54e-05	2.54e-05	2.54e-05	0	0	1.27e-05	0	2.54e-05	0	0	0	0	0	0	0	0	0	0	0	1.27e-05	0	0	0	0	0.026179006
"PHN11_Z2_3"	0.50030426	0.130197769	0.090922921	0.112690162	0.01844574	0.021615112	0.024404158	0.037918357	0.023060345	0.007327586	0.004906187	0.001483266	0	0.000633874	0.000519777	0.000608519	0.001229716	5.07e-05	0.000190162	8.87e-05	2.54e-05	0	0	0	0.000380325	0.00010142	0.00010142	0.000215517	2.54e-05	8.87e-05	0.000126775	0	6.34e-05	0	1.27e-05	5.07e-05	1.27e-05	0.000114097	1.27e-05	0	0	0	0	0	0	0	0	0	0	0	0	0	0	0	0	0	0	0	0	0.022071501
"PHJ75_Z2_1"	0.581528905	0.06239858	0.067076572	0.135205375	0.02479716	0.035763185	0.015111562	0.035053245	0.007010649	0.001470588	0.006769777	0.001343813	1.27e-05	0.001521298	0.000570487	0.000164807	0.000519777	0.000266227	0.000760649	0.000114097	1.27e-05	0	0	0	0.00025355	0.00010142	0.00010142	0.00015213	8.87e-05	0.000126775	3.8e-05	0	1.27e-05	5.07e-05	6.34e-05	0.000126775	3.8e-05	0.000126775	0	1.27e-05	0	0	0	0	0	0	0	0	0	0	0	0	0	0	0	0	0	0	0	0.021234787
"PHJ75_Z2_2"	0.445017748	0.153270791	0.117723124	0.118838742	0.030223124	0.023668864	0.017241379	0.036637931	0.016772312	0.004855477	0.005451318	0.001622718	2.54e-05	0.001318458	0.000532454	0.000507099	0.000228195	0.000240872	0.000456389	0.000126775	5.07e-05	1.27e-05	0	3.8e-05	0.000316937	0.00020284	0.00015213	0.000316937	7.61e-05	0.000228195	2.54e-05	0	3.8e-05	3.8e-05	5.07e-05	3.8e-05	8.87e-05	5.07e-05	0	0	0	0	0	0	0	0	0	0	0	0	0	0	0	0	0	0	0	0	0	0.023516734
"PHJ75_Z2_3"	0.451014199	0.148491379	0.120081136	0.101318458	0.017101927	0.024404158	0.02893002	0.052383367	0.016341278	0.001990365	0.003866633	0.001115619	0	0.001217039	0.000557809	0.000342292	0.000456389	0.00020284	0.000329615	0.000114097	0	0	0	1.27e-05	0.000278905	0.000164807	7.61e-05	0.00015213	2.54e-05	0.000215517	3.8e-05	0	1.27e-05	1.27e-05	2.54e-05	0	2.54e-05	2.54e-05	0	0	1.27e-05	0	0	1.27e-05	0	0	0	0	0	0	0	0	0	0	0	0	0	0	0	0.028651116
"PHM10_Z2_1"	0.772718053	0.028917343	0.048275862	0.059051724	0.024771805	0.011954868	0.009470081	0.020131846	0.004145538	0.000494422	0.004018763	0.000697262	0	0.000684584	0.000316937	0.00020284	0.000190162	0.000228195	0.000240872	0.000215517	0	1.27e-05	0	0	0.000228195	5.07e-05	8.87e-05	0.000126775	3.8e-05	6.34e-05	0	0	0	1.27e-05	0	7.61e-05	2.54e-05	2.54e-05	0	0	2.54e-05	0	0	0	0	0	0	0	0	0	0	0	0	0	0	0	0	0	0	0.0125
"PHM10_Z2_2"	0.440276369	0.176724138	0.05872211	0.170157201	0.031769777	0.020600913	0.01693712	0.027129817	0.01275355	0.015111562	0.00423428	0.001521298	2.54e-05	0.000912779	0.00040568	0.000431034	0.000164807	0.00010142	0.000240872	7.61e-05	0	0	0	0	0.000278905	0.000126775	5.07e-05	0.00015213	1.27e-05	0.000164807	7.61e-05	0	0.00010142	1.27e-05	5.07e-05	6.34e-05	1.27e-05	1.27e-05	0	1.27e-05	0	0	0	1.27e-05	0	0	0	0	0	0	0	0	0	0	0	0	0	0	0	0.02056288
"PHM10_Z2_3"	0.512715517	0.097084178	0.09344574	0.106186613	0.038133874	0.027827079	0.018686613	0.048732252	0.009381339	0.007023327	0.006110548	0.000925456	0.00010142	0.001394523	0.00025355	0.000164807	0.000316937	0.000278905	0.000532454	0.000177485	7.61e-05	2.54e-05	2.54e-05	0	0.00025355	0.000190162	8.87e-05	8.87e-05	3.8e-05	0.00020284	2.54e-05	0	2.54e-05	0	5.07e-05	6.34e-05	3.8e-05	2.54e-05	1.27e-05	1.27e-05	0	0	2.54e-05	0	0	0	0	0	0	0	0	0	0	0	0	0	0	0	0	0.029259635
"LH205_Z2_1"	0.480349899	0.075709939	0.109761663	0.122185598	0.052497465	0.041189148	0.023377282	0.039236815	0.011688641	0.003232759	0.006769777	0.001483266	5.07e-05	0.001749493	0.000786004	0.000329615	0.000266227	0.00040568	0.000545132	0.000316937	6.34e-05	0	0	1.27e-05	0.000608519	0.000164807	0.000240872	0.000228195	7.61e-05	0.000215517	6.34e-05	0	2.54e-05	6.34e-05	1.27e-05	0.000126775	3.8e-05	3.8e-05	0	1.27e-05	2.54e-05	0	0	0	0	0	0	0	0	0	0	0	0	0	0	0	0	0	0	0.026052231
"LH205_Z2_2"	0.569814909	0.074391481	0.082454361	0.116899087	0.027814402	0.019282454	0.016658215	0.03770284	0.015466531	0.006135903	0.004665314	0.001559331	3.8e-05	0.001128296	0.000659229	0.000646552	0.000291582	0.000139452	0.000329615	0.000164807	3.8e-05	2.54e-05	0	0	0.000494422	0.00015213	0.000114097	0.000278905	2.54e-05	0.00015213	0.00015213	0	3.8e-05	8.87e-05	0.00010142	6.34e-05	0.00010142	7.61e-05	2.54e-05	1.27e-05	0	0	0	0	0	0	0	0	0	0	0	0	0	0	0	0	0	0	0	0.021817951
"LH205_Z2_3"	0.405717546	0.126419878	0.197718053	0.090136917	0.020169878	0.022020791	0.025938134	0.040491886	0.028080629	0.003321501	0.004361055	0.001533976	2.54e-05	0.001242394	0.000747972	0.000469067	0.000545132	0.00020284	0.000329615	0.000126775	0	0	0	1.27e-05	0.000393002	0.00020284	7.61e-05	0.000316937	3.8e-05	0.000190162	6.34e-05	0	3.8e-05	0	0.000126775	6.34e-05	0.000164807	0	0	0	1.27e-05	0	1.27e-05	0	0	0	2.54e-05	0	0	0	0	0	0	0	0	0	0	0	0	0.028663793
"PHW51_Z2_1"	0.54178499	0.134977181	0.097287018	0.079817444	0.027763692	0.022641988	0.013856491	0.036790061	0.010116633	0.001521298	0.006021805	0.001064909	8.87e-05	0.001280426	0.000608519	0.000177485	0.000291582	0.000266227	0.00040568	0.000164807	5.07e-05	3.8e-05	0	0	0.000329615	0.00020284	6.34e-05	0.000139452	2.54e-05	0.000126775	5.07e-05	0	6.34e-05	2.54e-05	5.07e-05	2.54e-05	5.07e-05	1.27e-05	1.27e-05	0	2.54e-05	0	0	0	0	0	0	0	0	0	0	0	0	0	0	0	0	0	0	0.021779919
"PHW51_Z2_2"	0.522134888	0.099936613	0.064984787	0.162221095	0.027510142	0.021855984	0.018534483	0.028004564	0.013463489	0.010661765	0.00408215	0.001432556	7.61e-05	0.000925456	0.001128296	0.000481744	0.000380325	6.34e-05	0.000190162	7.61e-05	0	0	0	0	0.000380325	8.87e-05	6.34e-05	0.000278905	6.34e-05	0.000139452	5.07e-05	0	0	3.8e-05	6.34e-05	3.8e-05	0.000126775	6.34e-05	2.54e-05	0	0	0	0	0	0	0	0	0	2.54e-05	0	0	0	0	0	0	0	0	0	0	0.020410751
"PHW51_Z2_3"	0.520778398	0.058379817	0.12701572	0.088007099	0.047223631	0.031237323	0.020905172	0.050773327	0.010268763	0.002459432	0.00655426	0.001039554	0.000190162	0.001457911	0.000481744	0.000164807	0.000329615	0.000215517	0.000519777	0.000278905	0.000114097	2.54e-05	0	2.54e-05	0.000278905	0.000114097	0.000139452	0.000164807	6.34e-05	0.00015213	1.27e-05	1.27e-05	2.54e-05	1.27e-05	5.07e-05	0.00010142	6.34e-05	5.07e-05	1.27e-05	1.27e-05	0	0	0	2.54e-05	0	0	0	2.54e-05	0	0	0	0	0	0	0	0	0	0	0	0.030235801
"B73_Z2_1"	0.562157708	0.063577586	0.076343813	0.121095335	0.030856998	0.034748986	0.01885142	0.040656694	0.009013692	0.001102941	0.006617647	0.001457911	5.07e-05	0.001952333	0.000849391	0.000367647	0.000557809	0.000291582	0.000633874	0.000164807	0.000114097	0	0	0	0.00030426	0.00020284	0.000139452	0.000228195	5.07e-05	0.000126775	6.34e-05	0	0.00010142	1.27e-05	1.27e-05	0.00010142	5.07e-05	0.000126775	0	0	0	0	1.27e-05	0	0	0	0	0	0	0	0	0	0	0	1.27e-05	0	0	0	0	0.026990365
"B73_Z2_2"	0.540770791	0.04606998	0.093040061	0.136523834	0.043002028	0.020803753	0.032365619	0.032416329	0.017292089	0.002649594	0.003676471	0.001952333	0.00010142	0.001432556	0.00040568	0.000393002	0.000431034	0.000114097	0.000545132	3.8e-05	0	1.27e-05	0	0	0.000443712	0.000177485	7.61e-05	0.000278905	0	0.000126775	0.000164807	0	8.87e-05	0	7.61e-05	0.000177485	0.000114097	1.27e-05	0	0	0	2.54e-05	0	0	0	0	0	0	0	0	0	0	0	0	0	0	0	0	0	0.024201318
"B73_Z2_3"	0.507910751	0.077712982	0.100621197	0.122565923	0.064426978	0.024125254	0.022210953	0.035167343	0.00862069	0.000963489	0.005717546	0.001635396	0.00010142	0.001255071	0.000583164	0.000507099	0.00030426	0.000177485	0.000684584	0.000177485	0.00010142	2.54e-05	0	0	0.000266227	0.000126775	5.07e-05	0.000177485	2.54e-05	0.000190162	5.07e-05	0	2.54e-05	2.54e-05	1.27e-05	6.34e-05	3.8e-05	6.34e-05	0	2.54e-05	0	0	0	0	0	0	0	0	0	0	0	0	0	0	0	0	0	0	0	0.023263185
"A632_Z2_1"	0.491759635	0.080134381	0.104918864	0.110015213	0.05196501	0.041341278	0.021602434	0.041353955	0.012157708	0.001990365	0.006288032	0.001660751	0.000215517	0.002028398	0.000608519	0.000278905	0.00040568	0.000456389	0.000798682	0.000431034	0.000215517	0	0	1.27e-05	0.000469067	0.000228195	0.000190162	0.000329615	6.34e-05	0.00015213	6.34e-05	0	3.8e-05	1.27e-05	5.07e-05	0.000139452	8.87e-05	5.07e-05	5.07e-05	1.27e-05	0	0	0	0	0	0	0	0	0	0	0	0	0	0	0	0	0	0	0	0.0274214
"A632_Z2_2"	0.539059331	0.105134381	0.047223631	0.168192191	0.018978195	0.015884888	0.015200304	0.034115112	0.014807302	0.014401623	0.003625761	0.001673428	0	0.000773327	0.000329615	0.000291582	0.000456389	2.54e-05	0.00030426	7.61e-05	1.27e-05	0	0	0	0.00025355	6.34e-05	6.34e-05	0.000177485	5.07e-05	6.34e-05	5.07e-05	0	2.54e-05	1.27e-05	0.000114097	6.34e-05	3.8e-05	5.07e-05	1.27e-05	0	0	0	0	0	0	1.27e-05	0	0	0	0	0	0	0	0	0	0	0	0	0	0.018382353
"A632_Z2_3"	0.521184077	0.127953854	0.068065416	0.143242901	0.025063387	0.018826065	0.013729716	0.038780426	0.008405172	0.003866633	0.004259635	0.001280426	5.07e-05	0.000874746	0.00030426	0.000266227	0.000431034	0.00015213	0.000367647	0.000139452	3.8e-05	0	1.27e-05	2.54e-05	0.000278905	0.00015213	0.000114097	0.000139452	3.8e-05	0.000114097	6.34e-05	2.54e-05	0	0	3.8e-05	7.61e-05	6.34e-05	2.54e-05	0	0	2.54e-05	0	0	0	0	0	0	0	0	0	0	0	0	0	0	0	0	0	0	0.021526369
"Mo17_Z2_1"	0.445068458	0.100012677	0.097895538	0.138311359	0.051736815	0.037728195	0.029259635	0.040821501	0.013133874	0.003587728	0.005578093	0.001724138	7.61e-05	0.00196501	0.000697262	0.000367647	0.000215517	0.000329615	0.000633874	0.000278905	8.87e-05	0	1.27e-05	0	0.00040568	0.000215517	0.000190162	0.00025355	7.61e-05	0.00010142	3.8e-05	0	6.34e-05	1.27e-05	1.27e-05	7.61e-05	8.87e-05	1.27e-05	0	2.54e-05	1.27e-05	0	0	0	0	0	0	0	0	0	0	0	0	0	0	0	0	0	0	0.028891988
"Mo17_Z2_2"	0.386346349	0.157099391	0.18326572	0.078866633	0.020879817	0.029652637	0.027484787	0.044396552	0.024454868	0.004601927	0.005147059	0.000988844	0	0.001572008	0.000342292	0.000507099	0.000266227	0.000342292	0.00040568	0.00020284	0	0	0	1.27e-05	0.000469067	0.000228195	6.34e-05	0.000342292	5.07e-05	0.000177485	0.00010142	0	7.61e-05	1.27e-05	3.8e-05	0.000126775	0.00020284	6.34e-05	1.27e-05	0	1.27e-05	0	0	0	0	0	0	0	0	0	0	0	0	0	0	0	0	0	0	0.031186613
"Mo17_Z2_3"	0.490834178	0.066797667	0.1399214	0.106858519	0.027332657	0.026990365	0.026888945	0.053410243	0.013590264	0.002662272	0.006985294	0.001179006	0	0.001432556	0.000583164	0.000240872	0.000329615	0.00030426	0.000431034	0.000278905	0	0	0	7.61e-05	0.000342292	0.000114097	0.00010142	0.000228195	5.07e-05	0.000215517	2.54e-05	0	2.54e-05	1.27e-05	0	5.07e-05	6.34e-05	7.61e-05	1.27e-05	0	0	0	1.27e-05	0	0	0	0	0	0	0	0	0	0	0	0	0	0	0	0	0.031541582
"LH51_Z2_1"	0.44359787	0.117241379	0.099150609	0.124480223	0.064794625	0.03785497	0.025950811	0.036802738	0.011397059	0.001014199	0.005628803	0.001610041	0.00010142	0.001724138	0.000443712	0.000393002	0.00035497	0.000342292	0.00040568	0.000418357	0.000126775	0	0	0	0.000367647	0.00015213	0.00015213	0.00025355	0.000139452	0.000177485	6.34e-05	0	0.000126775	1.27e-05	8.87e-05	5.07e-05	6.34e-05	7.61e-05	1.27e-05	6.34e-05	5.07e-05	0	0	0	0	0	0	0	0	0	0	0	0	0	0	0	0	0	0	0.024315416
"LH51_Z2_2"	0.392773834	0.090542596	0.192875254	0.078232759	0.011891481	0.035712475	0.049784483	0.059723631	0.026787525	0.003245436	0.006985294	0.00221856	0	0.001318458	0.000836714	0.000291582	0.000316937	0.000659229	0.000215517	0.000139452	1.27e-05	0	0	0	0.00015213	0.000266227	0.00010142	0.00025355	5.07e-05	0.000164807	2.54e-05	0	0.00010142	3.8e-05	0.000114097	0.00015213	8.87e-05	2.54e-05	0	0	1.27e-05	2.54e-05	0	0	0	0	1.27e-05	0	0	0	0	0	0	0	0	0	0	0	0	0.04385142
"LH51_Z2_3"	0.467824544	0.077332657	0.139832657	0.094320487	0.030248479	0.032847363	0.025659229	0.064135396	0.01487069	0.006288032	0.006059838	0.001217039	0	0.001635396	0.000431034	0.000126775	0.00025355	0.000342292	0.000380325	0.000164807	1.27e-05	0	0	0	0.00015213	0.00025355	7.61e-05	0.000215517	5.07e-05	0.00015213	1.27e-05	1.27e-05	0.000126775	6.34e-05	3.8e-05	0.000114097	7.61e-05	0	1.27e-05	2.54e-05	0	0	0	1.27e-05	0	0	0	0	0	0	0	0	0	0	0	0	0	0	0	0.034622211
"LH52_Z2_1"	0.391823022	0.168230223	0.1399214	0.099923935	0.036891481	0.042989351	0.023871704	0.040225659	0.013311359	0.001622718	0.006186613	0.001305781	3.8e-05	0.001901623	0.000608519	0.000266227	0.000190162	0.00040568	0.000291582	0.000228195	3.8e-05	3.8e-05	1.27e-05	1.27e-05	0.000469067	0.00020284	0.00015213	0.000278905	6.34e-05	0.000114097	3.8e-05	0	3.8e-05	3.8e-05	8.87e-05	5.07e-05	2.54e-05	0	0	2.54e-05	1.27e-05	0	1.27e-05	0	0	0	0	2.54e-05	0	0	0	0	0	0	0	0	0	0	0	0.028029919
"LH52_Z2_2"	0.402548174	0.234520791	0.101014199	0.082860041	0.011853448	0.019650101	0.049442191	0.036828093	0.027814402	0.000709939	0.003676471	0.001635396	0	0.000621197	0.000456389	0.000494422	0.000709939	0.000114097	0.000278905	2.54e-05	0	0	0	0	0.000114097	0.000367647	3.8e-05	0.000278905	0	6.34e-05	7.61e-05	0	0	2.54e-05	0.000177485	0.00010142	1.27e-05	0.000126775	0	0	0	0	0	0	0	0	0	0	0	0	0	0	0	0	0	0	0	0	0	0.023364604
"LH52_Z2_3"	0.456237323	0.103600406	0.111929513	0.138628296	0.045119168	0.026597363	0.024809838	0.042406187	0.012766227	0.002839757	0.005210446	0.001876268	1.27e-05	0.001242394	0.000633874	0.000431034	0.000469067	0.000190162	0.000494422	0.00020284	0	0	0	0	0.000215517	8.87e-05	0.00015213	0.00010142	0	0.000164807	1.27e-05	0	0.00010142	1.27e-05	1.27e-05	7.61e-05	5.07e-05	3.8e-05	0	0	0	0	1.27e-05	0	0	0	1.27e-05	0	0	0	2.54e-05	0	0	0	0	0	0	0	0	0.023225152
"E8501_Z2_1"	0.560611055	0.115301724	0.074429513	0.102294625	0.033709432	0.024911258	0.019295132	0.030463996	0.009444726	0.00196501	0.005172414	0.000938134	3.8e-05	0.001115619	0.000646552	0.000240872	0.00020284	0.00030426	0.00010142	0.000190162	6.34e-05	2.54e-05	0	1.27e-05	0.00030426	6.34e-05	8.87e-05	0.000126775	2.54e-05	3.8e-05	0.000114097	0	1.27e-05	3.8e-05	1.27e-05	0.00010142	6.34e-05	3.8e-05	0	0	0	0	0	0	0	0	0	0	0	0	0	1.27e-05	0	0	0	0	0	0	0	0.017482252
"E8501_Z2_2"	0.672477181	0.080907708	0.054170892	0.068242901	0.017735801	0.027662272	0.015010142	0.02923428	0.008392495	0.001521298	0.002763692	0.001001521	0	0.000760649	0.000266227	0.000164807	0.000240872	0.000114097	0.000190162	2.54e-05	0	0	0	0	0.000139452	0.000139452	2.54e-05	5.07e-05	0	8.87e-05	5.07e-05	0	5.07e-05	2.54e-05	3.8e-05	6.34e-05	2.54e-05	2.54e-05	0	0	0	0	0	0	0	0	0	0	0	0	0	0	0	0	0	0	0	0	0	0.01839503
"E8501_Z2_3"	0.475215517	0.106085193	0.080717546	0.148884381	0.04203854	0.021031947	0.022553245	0.041290568	0.012221095	0.002560852	0.006072515	0.002003043	0.000215517	0.001432556	0.000380325	0.000824037	0.000367647	0.000139452	0.000507099	0.000215517	1.27e-05	0	0	0.000278905	0.000291582	6.34e-05	0.00010142	0.00015213	0.00010142	0.000190162	5.07e-05	0	2.54e-05	1.27e-05	7.61e-05	8.87e-05	6.34e-05	5.07e-05	3.8e-05	0	0	0	0	0	0	1.27e-05	0	0	0	0	0	0	0	0	0	0	0	0	0	0.033633367
"LH93_Z2_1"	0.470638945	0.107860041	0.149302738	0.086042089	0.018838742	0.03936359	0.020296653	0.040390467	0.020993915	0.007454361	0.004500507	0.001077586	0	0.001293103	0.000824037	0.000228195	0.000215517	0.00030426	0.000190162	0.00015213	0	0	0	1.27e-05	0.000380325	0.000139452	1.27e-05	0.000278905	2.54e-05	0.000342292	6.34e-05	0	7.61e-05	2.54e-05	6.34e-05	0	3.8e-05	3.8e-05	0	0	0	0	2.54e-05	0	0	0	0	0	0	0	0	0	0	0	0	0	0	0	0	0.028511663
"LH93_Z2_2"	0.501546653	0.086777383	0.13109787	0.085040568	0.025177485	0.025557809	0.023820994	0.048656187	0.022667343	0.004956897	0.005032961	0.001508621	2.54e-05	0.00171146	0.000443712	0.00040568	0.000367647	0.00015213	0.000367647	0.00015213	0	0	0	0	0.000507099	0.000190162	5.07e-05	0.000367647	3.8e-05	0.000164807	5.07e-05	0	6.34e-05	2.54e-05	0.00010142	8.87e-05	0.000190162	1.27e-05	0	0	0	0	1.27e-05	0	0	0	0	0	0	0	0	0	0	0	0	0	0	0	0	0.032669878
"LH93_Z2_3"	0.499226673	0.10635142	0.108455882	0.103866633	0.030286511	0.02288286	0.024505578	0.051014199	0.008544625	0.002776369	0.007669878	0.001052231	0	0.001280426	0.000469067	0.00030426	0.000443712	0.000228195	0.00040568	0.00010142	1.27e-05	1.27e-05	0	0	0.00035497	0.000291582	5.07e-05	0.00010142	3.8e-05	0.00040568	0.000114097	0	0.00020284	2.54e-05	0.000126775	6.34e-05	7.61e-05	7.61e-05	5.07e-05	0	0	0	0	0	0	0	0	0	0	0	0	0	0	0	0	0	0	0	0	0.028131339
"PHJ31_Z2_1"	0.546678499	0.085294118	0.104627282	0.099175963	0.027674949	0.027700304	0.021146045	0.038729716	0.011929513	0.001242394	0.005755578	0.001064909	0.000139452	0.001952333	0.000811359	0.000342292	0.00025355	0.00025355	0.000266227	0.00020284	6.34e-05	7.61e-05	0	0	0.000240872	0.000114097	0.000215517	0.000240872	8.87e-05	8.87e-05	7.61e-05	0	8.87e-05	2.54e-05	5.07e-05	1.27e-05	1.27e-05	3.8e-05	0	3.8e-05	1.27e-05	0	0	0	0	0	0	0	0	0	0	0	0	0	0	0	0	0	0	0.023275862
"PHJ31_Z2_2"	0.512271805	0.099733773	0.133329108	0.070524848	0.015682049	0.031909229	0.02505071	0.048149087	0.016151116	0.003321501	0.005514706	0.001217039	3.8e-05	0.001331136	0.001369168	0.000278905	0.000431034	0.000278905	0.000139452	0.000126775	1.27e-05	0	0	1.27e-05	0.000431034	8.87e-05	0.000164807	0.000164807	2.54e-05	0.000114097	8.87e-05	0	0.000190162	0	7.61e-05	8.87e-05	8.87e-05	5.07e-05	0	1.27e-05	0	0	0	0	0	0	0	0	0	0	0	0	0	0	0	0	0	0	0	0.031541582
"PHJ31_Z2_3"	0.476280426	0.109634888	0.131338742	0.070575558	0.026622718	0.026356491	0.022806795	0.069092292	0.012512677	0.005438641	0.006795132	0.000887424	1.27e-05	0.001787525	0.000228195	0.000266227	0.00025355	0.00040568	0.000329615	0.000177485	1.27e-05	2.54e-05	0	2.54e-05	0.00025355	0.000215517	8.87e-05	0.000177485	5.07e-05	0.000177485	2.54e-05	0	5.07e-05	5.07e-05	1.27e-05	7.61e-05	6.34e-05	5.07e-05	0	1.27e-05	0	6.34e-05	1.27e-05	0	0	0	0	0	0	0	0	0	0	0	0	0	0	0	0	0.036752028
"PHW20_Z2_1"	0.478017241	0.063209939	0.126584686	0.136156187	0.017773834	0.01885142	0.04168357	0.05176217	0.017900609	0.005476673	0.004424442	0.001787525	0	0.001166329	0.000519777	0.000316937	0.000583164	0.000126775	0.00035497	8.87e-05	3.8e-05	0	0	0	0.000228195	0.000190162	5.07e-05	8.87e-05	1.27e-05	0.000342292	0.00015213	0	2.54e-05	3.8e-05	7.61e-05	8.87e-05	3.8e-05	3.8e-05	0	0	0	0	0	1.27e-05	0	0	0	0	0	0	0	0	0	0	0	1.27e-05	0	0	0	0.031782454
"PHW20_Z2_2"	0.489274848	0.061080122	0.103093306	0.118331643	0.021095335	0.056541582	0.030502028	0.041721602	0.026166329	0.007986815	0.004969574	0.001850913	1.27e-05	0.001990365	0.000798682	0.000456389	0.000380325	0.000164807	0.000469067	0.000164807	0	0	0	3.8e-05	0.000532454	0.000278905	5.07e-05	0.00025355	1.27e-05	0.000215517	0.000215517	0	0.000114097	2.54e-05	0.00010142	0.000177485	0.000164807	6.34e-05	2.54e-05	0	0	0	2.54e-05	0	0	0	0	0	0	0	0	0	0	0	0	0	0	0	0	0.030654158
"PHW20_Z2_3"	0.535522312	0.064097363	0.121272819	0.093673935	0.027598884	0.022857505	0.024290061	0.049556288	0.013324037	0.002573529	0.006782454	0.001153651	0	0.001673428	0.000532454	0.000342292	0.000329615	0.00030426	0.000431034	0.00015213	2.54e-05	1.27e-05	1.27e-05	1.27e-05	0.000393002	0.000177485	0.00010142	0.000215517	1.27e-05	0.00025355	5.07e-05	0	6.34e-05	2.54e-05	3.8e-05	6.34e-05	6.34e-05	8.87e-05	0	0	0	0	1.27e-05	0	0	0	0	0	0	1.27e-05	0	0	0	0	0	0	0	0	0	0.031896552
"W64A_Z2_1"	0.59344574	0.057403651	0.089896045	0.08921146	0.03734787	0.027041075	0.019459939	0.041924442	0.007530426	0.001559331	0.00660497	0.000735294	0.00010142	0.001229716	0.000494422	0.000316937	0.000215517	0.000291582	0.000164807	0.000215517	3.8e-05	1.27e-05	1.27e-05	0	0.000291582	0.00010142	0.000139452	0.000139452	5.07e-05	2.54e-05	3.8e-05	0	2.54e-05	3.8e-05	5.07e-05	1.27e-05	0	1.27e-05	0	2.54e-05	2.54e-05	2.54e-05	1.27e-05	0	0	0	0	0	0	0	0	0	0	0	0	0	0	0	0	0.023732252
"W64A_Z2_2"	0.615821501	0.039946755	0.08125	0.110306795	0.019764199	0.017761156	0.020981237	0.037626775	0.015859533	0.002459432	0.005552738	0.001888945	2.54e-05	0.001242394	0.000912779	0.000418357	0.000481744	0.000139452	0.000443712	0.000126775	1.27e-05	0	0	2.54e-05	0.000266227	0.000190162	0.000126775	0.000240872	6.34e-05	0.00010142	8.87e-05	0	0.00010142	2.54e-05	0.000126775	6.34e-05	7.61e-05	2.54e-05	0	6.34e-05	0	1.27e-05	1.27e-05	0	0	0	0	0	0	0	0	0	0	0	0	0	0	0	0	0.025367647
"W64A_Z2_3"	0.494916329	0.076533976	0.110294118	0.094662779	0.02525355	0.037690162	0.021729209	0.06658215	0.012969067	0.004399087	0.007923428	0.000938134	0	0.0019143	0.000519777	0.000367647	0.00035497	0.000494422	0.000811359	0.000519777	1.27e-05	0	0	3.8e-05	0.000557809	0.00020284	0.00020284	0.000139452	0.000114097	0.000228195	6.34e-05	0	0.000240872	5.07e-05	5.07e-05	3.8e-05	5.07e-05	1.27e-05	0	3.8e-05	2.54e-05	3.8e-05	2.54e-05	0	0	0	0	0	0	0	0	0	0	0	0	0	0	0	0	0.038995943
"LH38_Z3_1"	0.534457404	0.110877282	0.078575051	0.091569473	0.0456643	0.03755071	0.013450811	0.042786511	0.005768256	0.002155172	0.006528905	0.000735294	0.00015213	0.00176217	0.000747972	0.000228195	0.000329615	0.000291582	0.000431034	0.000114097	0.000139452	6.34e-05	1.27e-05	1.27e-05	0.000342292	0.000164807	0.000126775	0.00015213	2.54e-05	0.000190162	2.54e-05	0	5.07e-05	1.27e-05	3.8e-05	3.8e-05	5.07e-05	3.8e-05	0	1.27e-05	0	0	0	0	0	0	0	0	0	0	0	0	0	0	0	0	0	0	0	0.024328093
"LH38_Z3_2"	0.825874746	0.024885903	0.03518002	0.040758114	0.013070487	0.010712475	0.009432049	0.017570994	0.005134381	0.000367647	0.002079108	0.000722617	2.54e-05	0.000824037	0.000469067	0.00010142	0.000190162	0.000114097	0.00015213	8.87e-05	1.27e-05	0	0	0	8.87e-05	7.61e-05	1.27e-05	7.61e-05	0	6.34e-05	0	0	0	1.27e-05	1.27e-05	0	3.8e-05	3.8e-05	1.27e-05	0	3.8e-05	0	0	0	0	0	0	0	0	0	0	0	0	0	0	0	0	0	0	0.011764706
"LH38_Z3_3"	0.488007099	0.04369929	0.073250507	0.152041075	0.099188641	0.026090264	0.021475659	0.042925963	0.015187627	0.002205882	0.004741379	0.001343813	2.54e-05	0.001419878	0.000862069	0.00025355	0.000646552	7.61e-05	0.000418357	7.61e-05	0	0	0	0	0.000380325	0.000278905	7.61e-05	0.000177485	2.54e-05	0.00010142	1.27e-05	0	3.8e-05	1.27e-05	8.87e-05	0.00015213	0.00010142	2.54e-05	0.000114097	0	0	0	1.27e-05	0	0	0	0	0	0	0	0	0	0	0	0	0	0	0	0	0.024467546
"LH39_Z3_1"	0.51280426	0.073871704	0.112639452	0.099201318	0.048263185	0.027903144	0.020360041	0.043078093	0.015631339	0.00448783	0.005552738	0.001495943	6.34e-05	0.00176217	0.000443712	0.00040568	0.000329615	0.000393002	0.001001521	0.000342292	1.27e-05	0	0	0	0.000342292	0.000139452	0.000114097	0.00030426	0.00010142	0.000190162	8.87e-05	0	2.54e-05	1.27e-05	0.00010142	7.61e-05	0.000114097	2.54e-05	0	3.8e-05	2.54e-05	0	0	0	0	0	0	0	0	0	0	0	0	0	0	0	0	0	0	0.028258114
"LH39_Z3_2"	0.536701318	0.080692191	0.103765213	0.088881846	0.036435091	0.040415822	0.01859787	0.04551217	0.007441684	0.001166329	0.006744422	0.000950811	0	0.001660751	0.000621197	0.000278905	0.00015213	0.000545132	0.000278905	0.000215517	1.27e-05	0.000456389	0	0	0.00015213	0.000164807	0.00020284	0.00025355	0.00030426	0.000164807	6.34e-05	0	1.27e-05	8.87e-05	1.27e-05	0.000114097	6.34e-05	7.61e-05	0	0	7.61e-05	0	0	0	0	0	0	0	0	0	0	0	0	0	0	0	0	0	0	0.026724138
"LH39_Z3_3"	0.474074544	0.160256085	0.056541582	0.141506085	0.026622718	0.015010142	0.020727688	0.034203854	0.017368154	0.020271298	0.004956897	0.0019143	0	0.000773327	0.000494422	0.000329615	0.000519777	0.00010142	0.000240872	0.000126775	0	0	0	1.27e-05	0.000367647	0.000114097	6.34e-05	0.00020284	0	0.000139452	1.27e-05	0	1.27e-05	3.8e-05	0.000114097	6.34e-05	7.61e-05	2.54e-05	1.27e-05	0	0	1.27e-05	0	0	0	0	0	0	0	0	0	0	0	0	0	0	0	0	0	0.022692698
"78371A_Z3_1"	0.610915314	0.03341785	0.082276876	0.075025355	0.072908215	0.034558824	0.015200304	0.03568712	0.007619168	0.001102941	0.005096349	0.000786004	2.54e-05	0.001457911	0.000519777	0.000240872	0.000316937	0.000316937	0.00035497	0.000215517	1.27e-05	0	1.27e-05	0	0.000367647	6.34e-05	0.00015213	0.000215517	8.87e-05	0.000177485	6.34e-05	0	5.07e-05	3.8e-05	5.07e-05	7.61e-05	8.87e-05	0	1.27e-05	2.54e-05	1.27e-05	0	0	0	0	0	1.27e-05	0	0	0	0	0	0	0	0	0	0	0	0	0.020436105
"78371A_Z3_2"	0.471108012	0.179804767	0.095930527	0.07262931	0.033481237	0.031541582	0.015517241	0.05025355	0.007061359	0.002231237	0.006326065	0.000583164	5.07e-05	0.001445233	0.000786004	0.00025355	0.000393002	0.000456389	0.00030426	0.000228195	3.8e-05	3.8e-05	0	0	0.00030426	0.00020284	0.000126775	0.000177485	6.34e-05	0.000139452	5.07e-05	0	5.07e-05	0	7.61e-05	5.07e-05	6.34e-05	8.87e-05	0	1.27e-05	0	0	0	0	0	0	0	0	0	0	0	0	0	0	0	0	0	0	0	0.028131339
"78371A_Z3_3"	0.63084432	0.069371197	0.061029412	0.074416836	0.02681288	0.030666836	0.017685091	0.047401116	0.00872211	0.001153651	0.005032961	0.000976166	3.8e-05	0.001508621	0.000722617	0.000126775	0.000367647	0.000114097	0.00040568	8.87e-05	6.34e-05	0	0	0	0.00020284	0.000114097	8.87e-05	8.87e-05	3.8e-05	0.000228195	3.8e-05	0	5.07e-05	1.27e-05	5.07e-05	7.61e-05	2.54e-05	2.54e-05	0	0	2.54e-05	0	1.27e-05	0	0	0	0	0	0	0	2.54e-05	0	0	0	0	0	0	0	0	0.021348884
"787_Z3_1"	0.519738844	0.097172921	0.07469574	0.057910751	0.088387424	0.076229716	0.012943712	0.02484787	0.011967546	0.002928499	0.004931542	0.000684584	0.00413286	0.000976166	0.000266227	0.000773327	8.87e-05	0.000557809	0.000570487	0.000329615	0.000114097	0.001077586	0.000190162	0.000177485	0.00020284	3.8e-05	0.000177485	0.000114097	6.34e-05	8.87e-05	1.27e-05	0.00010142	2.54e-05	6.34e-05	3.8e-05	1.27e-05	3.8e-05	0	0	1.27e-05	2.54e-05	0	0	0	0	0	0	0	0	0	0	0	0	0	0	0	0	0	0	0.017292089
"787_Z3_2"	0.517773834	0.057200811	0.08512931	0.050278905	0.077205882	0.119802231	0.015910243	0.029170892	0.01063641	0.002674949	0.006959939	0.000519777	0.000773327	0.001115619	0.00040568	0.001483266	5.07e-05	0.000671907	0.000418357	0.000393002	0.000709939	0.000139452	0.000164807	0.00030426	0.00015213	2.54e-05	0.000240872	7.61e-05	0.00010142	0.000126775	5.07e-05	0.00015213	2.54e-05	0.00010142	0	6.34e-05	0	1.27e-05	0	2.54e-05	1.27e-05	3.8e-05	1.27e-05	0	0	0	0	0	2.54e-05	0	0	1.27e-05	0	0	0	0	1.27e-05	0	0	0.018838742
"787_Z3_3"	0.67721856	0.040314402	0.048440669	0.04203854	0.06880071	0.057061359	0.011498479	0.019967039	0.008189655	0.00211714	0.003587728	0.000697262	0.003308824	0.000824037	0.00020284	0.000811359	3.8e-05	0.000494422	0.000291582	0.000266227	3.8e-05	0.00010142	1.27e-05	1.27e-05	0.000190162	3.8e-05	0.000114097	6.34e-05	5.07e-05	0.00010142	3.8e-05	0	3.8e-05	0.00010142	0	0	2.54e-05	1.27e-05	0	0	0	0	0	0	0	0	0	0	2.54e-05	0	0	0	0	0	0	0	0	0	0	0.012867647
"IB014_Z3_1"	0.499226673	0.062664807	0.102256592	0.12479716	0.063919878	0.029677992	0.022451826	0.041138438	0.01275355	0.002484787	0.004893509	0.001318458	3.8e-05	0.002129817	0.001026876	0.000532454	0.00035497	0.000228195	0.000659229	0.000139452	5.07e-05	0	0	0	0.000481744	0.000240872	0.000139452	0.000190162	2.54e-05	0.000164807	0.00010142	0	5.07e-05	1.27e-05	0.000114097	8.87e-05	0.00010142	2.54e-05	1.27e-05	1.27e-05	1.27e-05	0	1.27e-05	1.27e-05	0	0	0	0	0	0	0	0	0	0	0	0	0	0	0	0.025456389
"IB014_Z3_2"	0.605273834	0.089084686	0.072248986	0.088514199	0.034520791	0.018407708	0.01244929	0.037956389	0.007834686	0.002079108	0.005032961	0.001204361	6.34e-05	0.001179006	0.000862069	7.61e-05	0.000570487	0.000139452	0.00025355	0.000114097	1.27e-05	0.00010142	5.07e-05	0	0.000481744	0.000126775	2.54e-05	0.000139452	0	7.61e-05	5.07e-05	0	0	1.27e-05	0.00010142	1.27e-05	7.61e-05	3.8e-05	0	1.27e-05	1.27e-05	0	0	0	0	0	0	0	0	0	0	0	0	0	0	0	0	1.27e-05	0	0.020791075
"IB014_Z3_3"	0.496779919	0.14163286	0.078701826	0.103321501	0.045119168	0.025874746	0.019612069	0.041797667	0.011384381	0.003207404	0.004589249	0.001229716	0.000545132	0.001014199	0.000342292	0.000228195	0.000545132	0.000139452	0.000266227	0.000126775	0.00035497	3.8e-05	0	0	0.000380325	0.00015213	0.000190162	0.000240872	3.8e-05	0.00010142	2.54e-05	0	1.27e-05	2.54e-05	0.00015213	8.87e-05	8.87e-05	7.61e-05	0	0	0	0	0	0	0	0	2.54e-05	0	0	0	0	0	0	0	0	0	0	0	0	0.021551724
"PHN11_Z3_1"	0.514059331	0.173149087	0.062284483	0.097223631	0.034013692	0.035674442	0.01244929	0.028815923	0.009723631	0.002611562	0.004627282	0.001179006	6.34e-05	0.001343813	0.000646552	0.000240872	0.000900101	0.00015213	0.000519777	0.00015213	6.34e-05	0	0	1.27e-05	0.000418357	0.000190162	0.00010142	0.00015213	3.8e-05	0.00010142	5.07e-05	0	2.54e-05	5.07e-05	0.00015213	3.8e-05	0.00010142	3.8e-05	0	2.54e-05	0	0	0	0	0	0	0	0	0	0	0	0	0	0	0	0	0	0	0	0.018610548
"PHN11_Z3_2"	0.598770284	0.080616126	0.06426217	0.098212475	0.040808824	0.0288286	0.011574544	0.036206897	0.005869675	0.004665314	0.005286511	0.001204361	0.000139452	0.001242394	0.000469067	0.000228195	0.000393002	7.61e-05	0.000418357	0.000164807	0.00010142	2.54e-05	1.27e-05	0	0.000278905	0.00025355	3.8e-05	0.000139452	1.27e-05	0.000177485	6.34e-05	0	1.27e-05	0.000126775	5.07e-05	2.54e-05	5.07e-05	2.54e-05	0	0	2.54e-05	0	0	0	0	0	0	0	0	0	0	0	0	0	0	0	0	0	0	0.019143002
"PHN11_Z3_3"	0.492824544	0.085040568	0.087626775	0.10851927	0.074087221	0.029145538	0.022451826	0.046184077	0.011726673	0.00448783	0.005514706	0.001217039	0.000190162	0.001331136	0.000443712	0.000215517	0.000380325	0.000266227	0.000431034	0.00020284	3.8e-05	1.27e-05	1.27e-05	0.000164807	0.000291582	0.000278905	0.000139452	0.00015213	0	0.000114097	8.87e-05	0	3.8e-05	3.8e-05	1.27e-05	0.000114097	7.61e-05	7.61e-05	2.54e-05	1.27e-05	0	0	0	0	0	0	0	0	0	0	0	0	0	0	0	0	0	0	0	0.026026876
"PHJ75_Z3_1"	0.464908722	0.140834178	0.12540568	0.090758114	0.032378296	0.034863083	0.019396552	0.037994422	0.014122718	0.001686105	0.006427485	0.001293103	1.27e-05	0.001457911	0.000545132	0.00035497	0.000240872	0.000431034	0.000684584	0.000228195	3.8e-05	0	0	0	0.000367647	0.000139452	0.000126775	0.000190162	8.87e-05	0.00020284	0.000114097	0	5.07e-05	3.8e-05	3.8e-05	5.07e-05	7.61e-05	0	1.27e-05	2.54e-05	1.27e-05	0	0	0	0	0	0	0	0	0	0	0	0	0	0	0	0	0	0	0.024404158
"PHJ75_Z3_2"	0.575164807	0.11481998	0.067317444	0.099391481	0.030058316	0.025900101	0.013184584	0.032898073	0.007314909	0.004196247	0.004906187	0.001293103	1.27e-05	0.001255071	0.000621197	0.000266227	0.000266227	0.000164807	0.000418357	0.000126775	3.8e-05	0.000380325	0	0	0.000507099	0.00015213	0.000164807	0.000114097	0.000164807	0.000139452	5.07e-05	0	2.54e-05	1.27e-05	3.8e-05	6.34e-05	2.54e-05	5.07e-05	0	3.8e-05	3.8e-05	0	2.54e-05	0	0	0	0	0	0	0	0	2.54e-05	0	0	0	0	0	0	0	0.018369675
"PHJ75_Z3_3"	0.488995943	0.07051217	0.085978702	0.099721095	0.068027383	0.076838235	0.020499493	0.039490365	0.013121197	0.00418357	0.004931542	0.001179006	3.8e-05	0.001242394	0.000659229	0.000266227	8.87e-05	0.00015213	0.000380325	8.87e-05	0	0	0	0	0.000228195	0.000164807	7.61e-05	0.000177485	0	0.000393002	2.54e-05	0	0	1.27e-05	0.000126775	3.8e-05	5.07e-05	2.54e-05	0	0	2.54e-05	0	0	0	0	0	0	0	0	0	0	0	0	0	0	0	0	0	0	0.022261663
"PHM10_Z3_1"	0.531478195	0.096627789	0.078207404	0.082467039	0.091404665	0.029804767	0.015200304	0.033557302	0.007390974	0.001901623	0.005032961	0.001102941	1.27e-05	0.001166329	0.000773327	0.000190162	0.000228195	0.000316937	0.000456389	0.00025355	3.8e-05	5.07e-05	2.54e-05	0	0.000291582	0.000278905	8.87e-05	0.000126775	8.87e-05	0.000114097	0	0	7.61e-05	1.27e-05	2.54e-05	7.61e-05	7.61e-05	3.8e-05	0	2.54e-05	0	0	0	0	0	0	1.27e-05	0	0	0	0	0	0	0	0	0	0	0	0	0.020981237
"PHM10_Z3_2"	0.553118661	0.117659736	0.04551217	0.143293611	0.029880832	0.021272819	0.015567951	0.033240365	0.008696755	0.005856998	0.002586207	0.001280426	5.07e-05	0.000595842	0.000545132	0.000228195	0.00025355	2.54e-05	0.00035497	8.87e-05	1.27e-05	0	0	1.27e-05	0.000380325	8.87e-05	6.34e-05	0.000139452	0	0.000164807	0.00010142	0	5.07e-05	0	7.61e-05	0.000114097	2.54e-05	2.54e-05	0	0	1.27e-05	0	0	1.27e-05	0	0	0	0	0	0	0	0	0	0	0	0	0	0	0	0.018610548
"PHM10_Z3_3"	0.623313895	0.102358012	0.046589757	0.101369168	0.021462982	0.024606998	0.011802738	0.034115112	0.00801217	0.001800203	0.004259635	0.001242394	8.87e-05	0.001064909	0.000621197	8.87e-05	0.000431034	7.61e-05	0.000393002	0.000126775	5.07e-05	3.8e-05	0	0	0.000139452	8.87e-05	2.54e-05	0.000139452	1.27e-05	0.00020284	3.8e-05	0	5.07e-05	6.34e-05	0.00015213	6.34e-05	2.54e-05	6.34e-05	0	0	0	0	0	0	0	0	0	0	0	0	0	0	0	0	0	0	0	0	0	0.015022819
"LH205_Z3_1"	0.53724645	0.072794118	0.085763185	0.130032961	0.041924442	0.030958418	0.018483773	0.031478195	0.014604462	0.004627282	0.004855477	0.001850913	3.8e-05	0.001673428	0.000633874	0.000519777	0.000316937	0.000190162	0.000532454	0.000228195	2.54e-05	0	0	0	0.000659229	0.00025355	7.61e-05	0.000215517	6.34e-05	0.000164807	0.000164807	0	1.27e-05	3.8e-05	2.54e-05	3.8e-05	5.07e-05	8.87e-05	0	3.8e-05	0	0	0	0	0	0	0	0	0	0	0	0	0	0	0	0	0	0	0	0.019333164
"LH205_Z3_2"	0.605032961	0.090098884	0.078067951	0.075	0.041138438	0.023149087	0.013590264	0.034241886	0.010002535	0.00171146	0.004475152	0.001128296	8.87e-05	0.001179006	0.000747972	0.000266227	0.000342292	0.000177485	0.00030426	6.34e-05	3.8e-05	1.27e-05	1.27e-05	2.54e-05	0.00035497	0.00020284	8.87e-05	0.00020284	0	0.000190162	5.07e-05	0	7.61e-05	0	6.34e-05	3.8e-05	3.8e-05	1.27e-05	0	1.27e-05	2.54e-05	1.27e-05	1.27e-05	0	0	0	1.27e-05	0	0	0	0	0	0	0	0	0	0	0	0	0.017710446
"LH205_Z3_3"	0.494219067	0.09601927	0.08971856	0.146843306	0.025747972	0.040263692	0.018065416	0.03961714	0.013767748	0.001952333	0.004690669	0.001331136	1.27e-05	0.001166329	0.001064909	0.000380325	0.000735294	0.00010142	0.000278905	0.000240872	0	0	0	2.54e-05	0.000481744	0.000164807	0.000114097	0.000266227	0	0.000215517	0.00015213	0	0.000126775	8.87e-05	0.000126775	7.61e-05	5.07e-05	3.8e-05	2.54e-05	0	1.27e-05	1.27e-05	0	0	0	0	0	2.54e-05	0	0	0	0	0	0	0	0	0	0	0	0.021779919
"PHW51_Z3_1"	0.567697769	0.160015213	0.055070994	0.080971095	0.039490365	0.036422414	0.008138945	0.025291582	0.00408215	0.001724138	0.003308824	0.000671907	8.87e-05	0.000988844	0.00040568	0.000139452	0.000164807	6.34e-05	0.000380325	6.34e-05	5.07e-05	0	0	0	0.000190162	0.000126775	0.000139452	6.34e-05	2.54e-05	0.000190162	7.61e-05	0	0	0	2.54e-05	1.27e-05	5.07e-05	0	1.27e-05	0	1.27e-05	0	0	0	0	0	0	0	0	0	0	0	0	0	0	0	0	0	0	0.013843813
"PHW51_Z3_2"	0.559216531	0.077446755	0.052877789	0.166100406	0.024860548	0.015720081	0.017799189	0.031934584	0.016353955	0.005780933	0.003993408	0.001698783	0	0.000874746	0.000900101	0.000240872	0.000874746	3.8e-05	0.000393002	0.000114097	0	1.27e-05	0	0	0.000494422	0.000215517	8.87e-05	0.00040568	0	0.000164807	3.8e-05	0	3.8e-05	1.27e-05	0.00010142	0.000139452	7.61e-05	0	0	0	0	0	0	0	0	0	0	0	0	0	0	0	0	0	0	0	0	0	0	0.020993915
"PHW51_Z3_3"	0.511866126	0.085256085	0.08987069	0.137969067	0.046678499	0.025709939	0.021513692	0.037183063	0.008088235	0.002155172	0.005540061	0.001622718	0.00030426	0.001495943	0.000507099	0.00020284	0.00030426	0.000177485	0.000760649	0.000177485	7.61e-05	2.54e-05	0	0	0.000228195	0.000114097	6.34e-05	0.000177485	2.54e-05	0.00010142	2.54e-05	0	1.27e-05	1.27e-05	2.54e-05	0.000139452	1.27e-05	2.54e-05	5.07e-05	0	1.27e-05	0	1.27e-05	0	0	0	0	0	0	0	0	0	0	0	0	0	0	0	0	0.021475659
"B73_Z3_1"	0.477345335	0.183937627	0.093407708	0.089984787	0.03114858	0.025329615	0.015339757	0.034825051	0.013209939	0.00211714	0.005223124	0.001153651	6.34e-05	0.001343813	0.000481744	0.000380325	0.000240872	0.000469067	0.000760649	0.000215517	8.87e-05	0	0	0	0.000367647	0.000177485	3.8e-05	0.000240872	5.07e-05	7.61e-05	0.000114097	0	1.27e-05	5.07e-05	0.00010142	0.00010142	0.000126775	2.54e-05	1.27e-05	1.27e-05	0	0	0	0	0	0	0	0	0	0	0	0	0	0	0	0	0	0	0	0.021424949
"B73_Z3_2"	0.828891988	0.044890974	0.028600406	0.040314402	0.013653651	0.012385903	0.004982252	0.011511156	0.003245436	0.000874746	0.001584686	0.000608519	3.8e-05	0.000393002	0.000177485	0.000139452	0.000114097	8.87e-05	0.000164807	6.34e-05	0	6.34e-05	0	0	7.61e-05	7.61e-05	3.8e-05	7.61e-05	7.61e-05	5.07e-05	2.54e-05	0	1.27e-05	0	2.54e-05	2.54e-05	0	1.27e-05	0	0	1.27e-05	0	1.27e-05	0	0	0	1.27e-05	0	0	0	0	0	0	0	0	0	0	0	0	0.006681034
"B73_Z3_3"	0.501356491	0.145144523	0.110547667	0.082872718	0.037309838	0.017900609	0.019979716	0.041353955	0.012068966	0.001280426	0.003815923	0.001140974	0.000114097	0.001267748	0.000583164	0.00015213	0.000342292	0.000215517	0.000507099	5.07e-05	7.61e-05	0	0	0	0.000228195	0.000126775	5.07e-05	0.00020284	1.27e-05	0.000228195	8.87e-05	0	2.54e-05	1.27e-05	0.00010142	0.000126775	7.61e-05	5.07e-05	0	1.27e-05	0	0	0	0	0	0	0	0	0	0	0	0	0	0	0	0	0	0	0	0.020575558
"A632_Z3_1"	0.567583671	0.068458418	0.064021298	0.11285497	0.063552231	0.034609533	0.014376268	0.02716785	0.012880325	0.004158215	0.004576572	0.001432556	0.000177485	0.001090264	0.000633874	0.000342292	0.000595842	0.000393002	0.000266227	0.000177485	0.000266227	0	0	2.54e-05	0.000367647	3.8e-05	0.000126775	0.000266227	7.61e-05	2.54e-05	0.000114097	0	2.54e-05	3.8e-05	3.8e-05	6.34e-05	0.00010142	1.27e-05	6.34e-05	1.27e-05	2.54e-05	0	0	0	0	0	1.27e-05	0	0	0	0	0	0	0	0	0	0	0	0	0.01895284
"A632_Z3_2"	0.499315416	0.075266227	0.074416836	0.157619168	0.023681542	0.045423428	0.020740365	0.050228195	0.011485801	0.004145538	0.005362576	0.001673428	0	0.000925456	0.000912779	0.00020284	0.00025355	0.000126775	0.000595842	0.000266227	1.27e-05	0	1.27e-05	0	0.000316937	0.00010142	6.34e-05	0.00015213	5.07e-05	0.000291582	5.07e-05	0	7.61e-05	0	2.54e-05	0.00015213	2.54e-05	2.54e-05	1.27e-05	0	2.54e-05	0	0	0	0	0	1.27e-05	0	0	0	0	0	0	0	0	0	0	0	0	0.025950811
"A632_Z3_3"	0.590403144	0.087360548	0.061371704	0.113780426	0.020081136	0.031592292	0.015060852	0.040808824	0.009102434	0.001267748	0.00418357	0.00181288	0	0.001102941	0.001039554	0.000177485	0.000519777	7.61e-05	0.000469067	0.000164807	0	3.8e-05	0	0	0.00025355	0.000114097	7.61e-05	5.07e-05	1.27e-05	0.00015213	6.34e-05	0	5.07e-05	1.27e-05	3.8e-05	0.00015213	3.8e-05	2.54e-05	1.27e-05	0	0	0	0	0	0	0	0	0	0	0	0	0	0	0	1.27e-05	0	0	0	0	0.018521805
"Mo17_Z3_1"	0.480096349	0.098605477	0.086004057	0.135877282	0.051064909	0.028232759	0.026825558	0.035573022	0.016658215	0.003701826	0.004589249	0.00206643	0.000139452	0.001622718	0.000735294	0.000393002	0.000278905	0.000240872	0.000709939	0.00015213	0.000164807	0	0	1.27e-05	0.000646552	0.000114097	0.000139452	0.000240872	3.8e-05	6.34e-05	0.000164807	0	1.27e-05	3.8e-05	6.34e-05	3.8e-05	6.34e-05	0.00010142	1.27e-05	0	1.27e-05	0	0	0	0	0	0	0	0	0	0	0	0	0	0	0	0	0	0	0.024505578
"Mo17_Z3_2"	0.421361562	0.171247465	0.09546146	0.11270284	0.039528398	0.033189655	0.023491379	0.046133367	0.014122718	0.004728702	0.004348377	0.001179006	0	0.001432556	0.000633874	0.00025355	0.000557809	0.000164807	0.000329615	7.61e-05	0	0	1.27e-05	3.8e-05	0.000342292	0.00015213	5.07e-05	0.00030426	3.8e-05	0.000240872	0.000177485	0	5.07e-05	0	0.000114097	0.00010142	5.07e-05	1.27e-05	0	1.27e-05	0	1.27e-05	0	0	0	0	0	0	0	0	0	0	0	0	0	0	0	0	0	0.027345335
"Mo17_Z3_3"	0.469865619	0.075494422	0.124366126	0.124074544	0.056021805	0.03099645	0.022502535	0.047096856	0.0100786	0.001242394	0.006110548	0.001356491	0.000393002	0.001229716	0.000507099	0.000215517	0.000291582	0.00030426	0.00030426	0.000164807	0.000278905	1.27e-05	0	0	0.000228195	0.000139452	0.000114097	0.00015213	3.8e-05	0.00020284	1.27e-05	0	2.54e-05	3.8e-05	2.54e-05	2.54e-05	7.61e-05	2.54e-05	0	1.27e-05	2.54e-05	0	0	0	0	0	1.27e-05	0	0	0	0	0	0	0	0	0	0	0	0	0.025938134
"LH51_Z3_1"	0.531465517	0.132479716	0.067101927	0.097806795	0.045486815	0.038983266	0.015415822	0.033151623	0.00660497	0.001622718	0.004677992	0.001014199	7.61e-05	0.001888945	0.000583164	0.000342292	0.00035497	0.00015213	0.000240872	0.000190162	8.87e-05	5.07e-05	0	0	0.00030426	0.000215517	0.00010142	3.8e-05	7.61e-05	0.000114097	7.61e-05	0	2.54e-05	2.54e-05	3.8e-05	5.07e-05	3.8e-05	8.87e-05	1.27e-05	2.54e-05	2.54e-05	2.54e-05	2.54e-05	0	0	0	0	0	0	0	0	0	0	0	0	0	0	0	0	0.018914807
"LH51_Z3_2"	0.525481744	0.158303753	0.055704868	0.121640467	0.018293611	0.014452333	0.02273073	0.02943712	0.016290568	0.008544625	0.003397566	0.00181288	0	0.000507099	0.000469067	0.000228195	0.000722617	6.34e-05	0.000291582	5.07e-05	2.54e-05	0	0	0	0.00015213	0.000367647	1.27e-05	0.000114097	0	6.34e-05	1.27e-05	0	2.54e-05	0	0.00010142	6.34e-05	3.8e-05	6.34e-05	0	0	0	0	0	0	0	0	2.54e-05	0	0	0	0	0	0	0	0	0	0	0	0	0.02051217
"LH51_Z3_3"	0.494143002	0.071298174	0.080869675	0.156288032	0.021589757	0.035357505	0.0274214	0.04556288	0.020727688	0.010192698	0.003562373	0.001952333	2.54e-05	0.001343813	0.000519777	0.00040568	0.00040568	0.000114097	0.000342292	0.00015213	0	0	0	2.54e-05	0.00030426	0.000177485	0.00010142	0.00015213	0	0.00015213	2.54e-05	0	2.54e-05	0	0.00015213	0.000126775	0.00010142	2.54e-05	0	0	1.27e-05	0	0	0	0	0	0	0	0	0	0	0	0	0	0	0	0	0	0	0.026343813
"LH52_Z3_1"	0.483493915	0.188083164	0.074822515	0.088032454	0.033633367	0.036891481	0.019992394	0.034368661	0.007796653	0.001838235	0.004969574	0.001052231	5.07e-05	0.001470588	0.000722617	0.000266227	0.000240872	0.00040568	0.000190162	0.000190162	3.8e-05	0.000494422	0	6.34e-05	0.00025355	0.000164807	0.000228195	0.000177485	0.000228195	3.8e-05	3.8e-05	0	2.54e-05	1.27e-05	5.07e-05	0.000126775	6.34e-05	5.07e-05	0	3.8e-05	0	0	3.8e-05	0	0	0	0	0	0	0	0	0	0	0	0	0	0	0	0	0.019358519
"LH52_Z3_2"	0.530882353	0.059584178	0.068483773	0.059787018	0.165390467	0.020258621	0.02091785	0.03372211	0.010370183	0.001407201	0.003207404	0.001267748	0	0.000722617	0.00030426	0.000139452	0.000494422	0.000114097	0.000278905	0.000126775	0	0	0	0	0.00010142	0.000177485	0	0.00010142	0	0.000139452	7.61e-05	0	3.8e-05	0	5.07e-05	6.34e-05	2.54e-05	1.27e-05	0	0	0	0	1.27e-05	0	0	0	0	0	0	0	0	0	0	0	0	0	0	0	0	0.021741886
"LH52_Z3_3"	0.823618154	0.02061359	0.034444726	0.048618154	0.011080122	0.009787018	0.012664807	0.015745436	0.006731744	0.000291582	0.00196501	0.000887424	1.27e-05	0.000773327	0.000278905	0.000177485	0.000164807	0.000114097	0.00020284	3.8e-05	0	0	0	0	0.00015213	8.87e-05	5.07e-05	0.00010142	2.54e-05	7.61e-05	1.27e-05	0	3.8e-05	1.27e-05	3.8e-05	2.54e-05	5.07e-05	3.8e-05	0	0	0	0	0	0	0	0	0	0	0	0	0	0	0	0	0	0	0	0	0	0.011080122
"E8501_Z3_1"	0.484482759	0.130109026	0.094193712	0.09193712	0.046450304	0.04586714	0.021006592	0.040060852	0.009355984	0.00186359	0.005476673	0.001204361	5.07e-05	0.001749493	0.000811359	0.000266227	0.000164807	0.000481744	0.000177485	0.00025355	1.27e-05	5.07e-05	0	0	0.00025355	0.000190162	0.000177485	0.000240872	0.00010142	6.34e-05	2.54e-05	0	0.000126775	2.54e-05	3.8e-05	3.8e-05	8.87e-05	2.54e-05	1.27e-05	2.54e-05	0	0	0	0	0	0	0	0	0	0	0	0	0	0	0	0	0	0	0	0.022540568
"E8501_Z3_2"	0.605311866	0.113843813	0.028004564	0.129056795	0.026648073	0.025798682	0.009013692	0.025190162	0.007314909	0.002928499	0.003473631	0.000874746	3.8e-05	0.000621197	0.001318458	0.000228195	0.000722617	6.34e-05	0.00020284	0.000139452	5.07e-05	0	0	0	0.000545132	0.000126775	5.07e-05	0.000164807	8.87e-05	5.07e-05	0.00010142	0	0.000164807	0	0.00015213	0.000114097	1.27e-05	3.8e-05	3.8e-05	1.27e-05	3.8e-05	0	0	3.8e-05	0	0	0	1.27e-05	0	0	0	0	0	1.27e-05	0	0	0	0	0	0.017393509
"E8501_Z3_3"	0.561815416	0.125887424	0.030590771	0.150583164	0.022147566	0.018407708	0.010775862	0.034394016	0.008291075	0.004931542	0.004196247	0.000824037	1.27e-05	0.000849391	0.000938134	0.00025355	0.000798682	3.8e-05	0.000367647	0.000164807	0	2.54e-05	0	1.27e-05	0.000418357	6.34e-05	8.87e-05	0.000164807	2.54e-05	0.000126775	7.61e-05	0	0.00015213	1.27e-05	0.000240872	0.000190162	6.34e-05	1.27e-05	3.8e-05	0	0	0	0	0	0	0	1.27e-05	0	0	0	0	0	0	0	0	0	0	0	0	0.022008114
"LH93_Z3_1"	0.466607505	0.133810852	0.067355477	0.185877282	0.037132353	0.011371704	0.024378803	0.023491379	0.022603955	0.002522819	0.003118661	0.002560852	0	0.000583164	0.000849391	0.000278905	0.000633874	5.07e-05	0.000215517	0	0	0	0	0	0.000481744	0.000177485	1.27e-05	0.00025355	0	0.00010142	3.8e-05	0	3.8e-05	2.54e-05	8.87e-05	0.00010142	7.61e-05	8.87e-05	0	1.27e-05	0	0	0	0	0	0	0	0	0	0	0	0	0	0	0	0	0	0	0	0.015060852
"LH93_Z3_2"	0.433138945	0.164224138	0.065910243	0.143141481	0.020689655	0.023922414	0.019599391	0.042482252	0.025469067	0.025494422	0.003993408	0.001736815	0	0.001356491	0.000469067	0.00035497	0.000570487	1.27e-05	0.000316937	6.34e-05	1.27e-05	0	0	1.27e-05	0.000659229	0.000126775	0.000114097	0.000494422	1.27e-05	0.00010142	0.000215517	0	8.87e-05	2.54e-05	0.000126775	5.07e-05	0.00010142	7.61e-05	0	2.54e-05	0	0	0	0	0	0	0	0	0	0	0	0	0	0	0	0	0	0	0	0.024809838
"LH93_Z3_3"	0.441125761	0.07923428	0.09762931	0.129513185	0.118813387	0.024505578	0.01859787	0.046374239	0.008253043	0.001787525	0.005147059	0.000938134	0.000316937	0.001318458	0.000291582	0.000177485	0.000266227	0.000139452	0.000266227	0.00010142	0.000291582	5.07e-05	0	0	0.000278905	0.000177485	0.00010142	0.00015213	3.8e-05	0.000177485	3.8e-05	0	2.54e-05	3.8e-05	2.54e-05	5.07e-05	5.07e-05	8.87e-05	0	1.27e-05	2.54e-05	0	0	0	0	0	1.27e-05	0	0	0	0	0	0	0	0	0	0	0	0	0.023567444
"PHJ31_Z3_1"	0.563108519	0.213374746	0.04974645	0.08094574	0.009203854	0.010927992	0.011029412	0.025088742	0.008772819	0.005413286	0.003537018	0.001090264	2.54e-05	0.000393002	0.000342292	0.000126775	0.000278905	8.87e-05	7.61e-05	1.27e-05	0	0	0	0	0.000215517	0.000164807	2.54e-05	0.000164807	0	0.000139452	1.27e-05	0	1.27e-05	1.27e-05	1.27e-05	1.27e-05	3.8e-05	5.07e-05	0	0	0	0	0	0	0	0	0	0	0	0	0	0	0	0	0	0	0	0	0	0.015555274
"PHJ31_Z3_2"	0.486384381	0.138463489	0.071932049	0.113653651	0.023782961	0.026749493	0.021196755	0.039896045	0.018978195	0.019599391	0.004766734	0.001470588	1.27e-05	0.001419878	0.000722617	0.000240872	0.000469067	0.00010142	0.000342292	0.000139452	0	0	0	0	0.000836714	0.000240872	0.000126775	0.00030426	2.54e-05	0.000190162	5.07e-05	0	6.34e-05	3.8e-05	8.87e-05	0.00010142	0.000126775	5.07e-05	0	0	0	0	0	0	0	0	0	0	0	0	0	0	0	0	0	0	0	0	0	0.027434077
"PHJ31_Z3_3"	0.505286511	0.170550203	0.075278905	0.097020791	0.02737069	0.017811866	0.018661258	0.041861055	0.010256085	0.003714503	0.005540061	0.000811359	3.8e-05	0.001191684	0.000545132	0.000228195	0.000342292	0.000114097	0.000316937	0.00015213	2.54e-05	2.54e-05	0	6.34e-05	0.000329615	0.00020284	0.00010142	0.000215517	3.8e-05	0.000164807	3.8e-05	2.54e-05	2.54e-05	1.27e-05	6.34e-05	2.54e-05	2.54e-05	3.8e-05	0	1.27e-05	3.8e-05	2.54e-05	0	0	0	0	0	0	0	0	0	0	0	0	0	0	0	0	0	0.021412272
"PHW20_Z3_1"	0.573656187	0.059647566	0.100507099	0.106985294	0.017685091	0.02293357	0.028258114	0.042355477	0.014452333	0.002281947	0.003752535	0.001698783	0	0.001001521	0.000874746	0.00020284	0.000367647	8.87e-05	0.000329615	6.34e-05	0	0	0	0	0.000278905	0.000114097	3.8e-05	0.000114097	0	0.00025355	1.27e-05	0	3.8e-05	0	1.27e-05	7.61e-05	1.27e-05	6.34e-05	0	0	0	0	0	3.8e-05	0	0	0	0	0	0	0	0	0	0	0	0	0	0	0	0.021805274
"PHW20_Z3_2"	0.586587221	0.067114604	0.077383367	0.110560345	0.021615112	0.025722617	0.023250507	0.034520791	0.015339757	0.002003043	0.004589249	0.001774848	1.27e-05	0.001052231	0.001217039	0.00025355	0.000570487	0.000139452	0.00035497	8.87e-05	1.27e-05	3.8e-05	0	0	0.000329615	0.000139452	8.87e-05	0.000291582	0	0.000266227	0.000126775	0	2.54e-05	5.07e-05	0.000139452	0.000177485	6.34e-05	3.8e-05	7.61e-05	0	0	0	0	1.27e-05	0	0	0	2.54e-05	0	0	0	0	0	0	0	0	0	0	0	0.023947769
"PHW20_Z3_3"	0.505666836	0.137766227	0.106972617	0.087461968	0.033075558	0.020892495	0.019257099	0.041518763	0.009875761	0.00211714	0.005159736	0.001128296	0	0.001381846	0.000443712	0.000228195	0.00025355	0.000164807	0.000316937	0.00015213	1.27e-05	1.27e-05	0	0	0.000393002	0.00020284	0	0.000228195	2.54e-05	0.000342292	2.54e-05	0	5.07e-05	2.54e-05	2.54e-05	3.8e-05	2.54e-05	0.000114097	0	1.27e-05	0	0	0	0	0	0	3.8e-05	0	1.27e-05	0	0	0	0	0	0	0	0	0	0	0.024581643
"W64A_Z3_1"	0.597718053	0.112221095	0.07671146	0.073504057	0.013032454	0.022743408	0.014997465	0.044827586	0.00806288	0.000862069	0.003714503	0.000874746	0	0.000976166	0.000950811	0.000228195	0.000266227	0.00010142	0.000266227	0.00010142	1.27e-05	0	0	0	0.000177485	0.000380325	7.61e-05	0.000126775	3.8e-05	6.34e-05	3.8e-05	0	0	1.27e-05	2.54e-05	3.8e-05	2.54e-05	3.8e-05	0	0	2.54e-05	2.54e-05	0	0	0	0	0	0	0	0	0	0	0	0	0	0	0	0	0	0.026736815
"W64A_Z3_2"	0.570981237	0.069383874	0.065504564	0.099340771	0.014401623	0.027865112	0.019878296	0.073199797	0.011650609	0.00216785	0.004500507	0.001242394	0	0.002446755	0.001014199	0.000240872	0.000633874	7.61e-05	0.000507099	0.000215517	0	0	0	1.27e-05	0.000316937	0.000469067	0.00010142	0.000139452	2.54e-05	0.000278905	6.34e-05	0	5.07e-05	0	0.00010142	0.000228195	8.87e-05	3.8e-05	1.27e-05	0	0	0	3.8e-05	0	0	0	0	2.54e-05	0	0	0	0	0	0	0	0	0	0	0	0.032758621
"W64A_Z3_3"	0.588362069	0.09974645	0.067279412	0.083151623	0.015859533	0.031326065	0.014072008	0.049302738	0.009850406	0.001166329	0.006516227	0.001039554	8.87e-05	0.001483266	0.000824037	0.000190162	0.000811359	0.000393002	0.000659229	0.000177485	0	0	0	0	0.00035497	0.000190162	0.00010142	0.000164807	6.34e-05	0.000139452	7.61e-05	0	5.07e-05	2.54e-05	7.61e-05	7.61e-05	3.8e-05	3.8e-05	2.54e-05	1.27e-05	2.54e-05	0	0	0	0	0	0	0	0	0	0	0	0	0	0	0	0	0	0	0.026242394
