"Taxonomy"	"Incertae_sedis_Zygomycota"	"Sordariomycetes"	"Eurotiomycetes"	"Leotiomycetes"	"Incertae_sedis_Ascomycota"	"Agaricomycetes"	"Dothideomycetes"	"Saccharomycetes"	"Chytridiomycetes"	"Pezizomycetes"	"Ustilaginomycetes"	"Glomeromycetes"	"Orbiliomycetes"	"Microbotryomycetes"	"Tremellomycetes"	"Blastocladiomycetes"	"Incertae_sedis_Fungi"	"Lecanoromycetes"	"Agaricostilbomycetes"	"Cystobasidiomycetes"	"Wallemiomycetes"	"Incertae_sedis_Basidiomycota"	"Monoblepharidomycetes"	"Taphrinomycetes"	"Archaeorhizomycetes"	"Neocallimastigomycetes"	"Exobasidiomycetes"	"Tritirachiomycetes"	"Others"
"LH38_Z1_1"	0.048230396	0.097501735	0.062109646	0.010409438	0.003469813	0.004857738	0.091603053	0.001387925	0.002081888	0.005204719	0.030534351	0	0	0.004857738	0.000693963	0	0	0	0	0	0	0	0	0	0	0	0	0	0.637057599
"LH38_Z1_2"	0.113462873	0.174878557	0.362248439	0.011797363	0.052741152	0.009368494	0.041637752	0.000346981	0.000693963	0.001040944	0.000346981	0.000693963	0.000346981	0.003816794	0.001734906	0	0	0	0	0	0	0.000346981	0	0	0	0	0	0	0.224496877
"LH38_Z1_3"	0.208188758	0.235253296	0.057945871	0.035045108	0.044413602	0.006592644	0.055170021	0.000693963	0.012144344	0.001734906	0.004163775	0	0.000346981	0.001040944	0	0	0	0	0	0	0	0	0	0	0	0	0	0	0.337265788
"LH39_Z1_1"	0.081193616	0.073907009	0.013879251	0.004857738	0.003122831	0.004510756	0.019083969	0.000346981	0.002081888	0.00277585	0.001040944	0	0	0.000346981	0.000346981	0	0	0	0	0	0	0	0	0	0	0	0	0	0.792505205
"LH39_Z1_2"	0.046495489	0.04129077	0.006592644	0.006592644	0.003122831	0.004163775	0.007633588	0.001040944	0.000693963	0.001387925	0.000346981	0	0	0.000346981	0	0	0	0	0	0	0	0	0	0	0	0	0	0	0.880291464
"LH39_Z1_3"	0.227619709	0.273074254	0.075988897	0.014920194	0.038167939	0.00277585	0.033657183	0.000346981	0.000346981	0.001734906	0.006939625	0	0.000346981	0.002081888	0.000693963	0	0	0	0	0	0	0	0	0	0	0	0	0	0.32130465
"78371A_Z1_1"	0.052394171	0.049965302	0.009715475	0.004510756	0.002081888	0.006939625	0.019777932	0.001734906	0.002081888	0.001387925	0	0	0.000693963	0.000346981	0	0	0	0	0	0	0	0	0	0	0	0	0	0	0.848369188
"78371A_Z1_2"	0.052741152	0.05482304	0.0111034	0.012838307	0.007286607	0.006245663	0.021512838	0.002081888	0.000693963	0.001387925	0.000346981	0.000346981	0	0.000693963	0.000693963	0	0	0	0	0	0	0	0	0	0	0	0	0	0.827203331
"78371A_Z1_3"	0.10721721	0.27480916	0.021165857	0.008674532	0.011797363	0.012838307	0.020124913	0.000693963	0.002428869	0.002081888	0.001040944	0	0	0.000346981	0	0	0	0	0	0	0	0	0	0	0	0	0	0	0.536780014
"787_Z1_1"	0.376127689	0.156835531	0.053088133	0.012144344	0	0.125607217	0.030534351	0.036086051	0.000693963	0.003122831	0.001040944	0	0.001040944	0.00277585	0.00832755	0	0	0	0	0	0	0.000346981	0	0	0	0	0	0	0.19222762
"787_Z1_2"	0.279319917	0.297015961	0.032616239	0.023594726	0.009021513	0.009021513	0.039555864	0.064191534	0.001040944	0.005898681	0.012838307	0	0.001040944	0.007980569	0.000346981	0	0	0	0	0	0	0	0	0	0	0	0	0	0.216516308
"787_Z1_3"	0.152324774	0.344899375	0.030881332	0.010409438	0.000346981	0.062456627	0.039555864	0.128383067	0.001387925	0.000346981	0.022206801	0.003469813	0.000693963	0.002081888	0.000346981	0	0	0.000693963	0	0	0.000346981	0	0	0	0	0	0	0	0.199167245
"IB014_Z1_1"	0.155447606	0.099583622	0.016655101	0.004163775	0.002081888	0.001040944	0.026370576	0.001040944	0.000693963	0.001040944	0.007286607	0.001734906	0.000346981	0.003816794	0.000693963	0	0	0	0	0	0	0	0	0	0	0	0	0	0.678001388
"IB014_Z1_2"	0.095766829	0.110340042	0.043372658	0.015961138	0.004857738	0.037820958	0.027064539	0.000693963	0.000693963	0.008674532	0.003122831	0.001040944	0.000346981	0.00277585	0.000346981	0	0	0	0	0.000346981	0	0	0	0	0	0	0	0	0.646773074
"IB014_Z1_3"	0.154753643	0.310201249	0.073907009	0.029493407	0	0.004510756	0.071131159	0.000346981	0.001387925	0.000346981	0.006245663	0.002428869	0	0.002428869	0.000693963	0	0	0	0	0	0	0	0	0	0	0	0	0	0.342123525
"PHN11_Z1_1"	0.147814018	0.106176266	0.023247745	0.006245663	0.000346981	0.007980569	0.036433033	0.002428869	0.001040944	0.003469813	0.002428869	0.016308119	0	0	0.002428869	0	0	0	0	0	0.000693963	0	0	0	0	0	0	0	0.64295628
"PHN11_Z1_2"	0.045801527	0.058986815	0.017696044	0.005898681	0.006592644	0.006245663	0.012144344	0.000346981	0.004510756	0.009368494	0.000346981	0	0	0.000693963	0.000346981	0	0	0	0	0	0	0	0	0	0	0	0	0	0.831020125
"PHN11_Z1_3"	0.135669674	0.137751561	0.019083969	0.009021513	0.017696044	0.013185288	0.012491325	0.000693963	0.020471895	0.006939625	0.001040944	0	0	0.001734906	0	0	0	0	0	0	0	0	0	0	0	0	0	0	0.624219292
"PHJ75_Z1_1"	0.086051353	0.090215128	0.014573213	0.006245663	0.000346981	0.006245663	0.016308119	0.000346981	0.004510756	0.003469813	0.002428869	0.000346981	0.000693963	0.001734906	0	0	0	0	0	0	0	0	0	0	0	0	0	0	0.76648161
"PHJ75_Z1_2"	0.118320611	0.117626648	0.056904927	0.007980569	0.001734906	0.002428869	0.028452464	0.000693963	0.00277585	0.001040944	0.005204719	0.005204719	0	0.000693963	0.001040944	0	0	0	0	0	0	0	0	0	0	0	0	0	0.649895906
"PHJ75_Z1_3"	0.122831367	0.168979875	0.022206801	0.192921582	0.015614157	0.003816794	0.05482304	0	0.002081888	0.006245663	0.000346981	0.006245663	0	0.000346981	0.002428869	0	0	0	0	0	0	0	0	0	0	0	0	0	0.40111034
"PHM10_Z1_1"	0.089521166	0.097154754	0.02741152	0.001734906	0.000693963	0.004163775	0.02463567	0.001040944	0.001040944	0.001734906	0.009021513	0.000346981	0	0.000693963	0	0	0	0	0	0	0	0	0	0	0	0	0	0	0.740804997
"PHM10_Z1_2"	0.105135323	0.149201943	0.018043026	0.004857738	0.009021513	0.003469813	0.079111728	0.023247745	0.001734906	0.001387925	0.001734906	0.000346981	0	0.004163775	0	0	0	0	0	0	0	0	0	0	0	0	0	0	0.598542679
"PHM10_Z1_3"	0.257807078	0.252602359	0.076335878	0.070437196	0	0.0055517	0.066620402	0.000346981	0.001040944	0.007633588	0.003122831	0.000346981	0	0.003122831	0.000693963	0	0	0	0	0	0	0	0	0	0	0	0	0	0.254337266
"LH205_Z1_1"	0.051700208	0.084316447	0.077376822	0.004163775	0.009021513	0.004510756	0.006939625	0	0.000346981	0.001387925	0.001040944	0.001040944	0.001040944	0.001734906	0.000346981	0	0	0	0	0	0	0	0	0	0	0	0	0	0.755031228
"LH205_Z1_2"	0.009715475	0.114850798	0.063844552	0	0.005898681	0.041984733	0.190145732	0	0.034351145	0.023594726	0.036086051	0	0.023594726	0	0	0	0	0	0	0	0	0	0	0	0	0	0	0	0.45593338
"LH205_Z1_3"	0.302914643	0.179389313	0.029493407	0.004510756	0	0.002081888	0.023247745	0	0.001040944	0.000693963	0.00277585	0	0	0.00277585	0	0	0	0	0	0	0	0	0	0	0	0	0	0	0.451075642
"PHW51_Z1_1"	0.092990978	0.510062457	0.046842471	0.078417765	0.009021513	0.006939625	0.028799445	0	0.00277585	0.001040944	0.004163775	0.008674532	0.001734906	0.002428869	0.001040944	0	0	0	0	0	0	0	0	0	0	0	0	0	0.205065926
"PHW51_Z1_2"	0.209923664	0.316446912	0.138098543	0.015961138	0.032269257	0.007633588	0.073213046	0.000346981	0.000346981	0.0055517	0.007633588	0	0.001040944	0.000693963	0.000693963	0	0	0	0	0	0	0	0	0	0	0	0	0	0.190145732
"PHW51_Z1_3"	0.044760583	0.303261624	0.055170021	0.163775156	0.004163775	0.006245663	0.040943789	0.000346981	0.015614157	0.003469813	0.010756419	0	0	0.003469813	0	0	0	0	0	0	0	0	0	0	0	0	0	0	0.348022207
"B73_Z1_1"	0.190145732	0.215822346	0.060721721	0.019777932	0.000346981	0.006245663	0.055863983	0.001040944	0.001387925	0.0055517	0.002428869	0	0	0.000693963	0.003469813	0	0	0	0	0	0	0	0	0	0	0	0	0	0.436502429
"B73_Z1_2"	0.197085357	0.344899375	0.066967384	0.013879251	0.020124913	0.016655101	0.053782096	0	0.003122831	0.001734906	0.019430951	0.000693963	0.000346981	0.013879251	0	0	0	0	0	0	0	0	0	0	0	0	0	0	0.247397641
"B73_Z1_3"	0.09056211	0.22241499	0.078417765	0.018390007	0.003816794	0.036086051	0.06037474	0.001040944	0.001040944	0.014573213	0.000693963	0.007286607	0.000346981	0.004163775	0.001387925	0	0.000346981	0	0	0	0.000346981	0	0	0	0	0	0	0	0.45870923
"A632_Z1_1"	0.230395559	0.266828591	0.042331714	0.008674532	0.000346981	0.004510756	0.100971548	0.09333796	0.002428869	0.001734906	0.005204719	0.00277585	0	0.003469813	0.002081888	0	0	0	0	0	0.000346981	0	0	0	0	0	0	0	0.234559334
"A632_Z1_2"	0.152671756	0.386537127	0.031575295	0.012838307	0.037126995	0.004510756	0.148160999	0	0.001387925	0.001040944	0.003122831	0.002428869	0	0.002081888	0.001734906	0	0	0	0	0	0	0	0	0	0	0	0	0	0.214781402
"A632_Z1_3"	0.216863289	0.248091603	0.022900763	0.012838307	0.000693963	0.004510756	0.033657183	0	0.005204719	0.001387925	0.002428869	0.000346981	0.001387925	0.005898681	0.000346981	0	0	0	0	0	0	0	0	0	0	0	0	0	0.443442054
"Mo17_Z1_1"	0.119014573	0.110687023	0.048577377	0.008674532	0	0.004857738	0.041637752	0.001040944	0	0.002428869	0.000346981	0.004857738	0	0	0.001040944	0	0	0	0.000346981	0	0	0	0	0	0	0	0	0	0.65648855
"Mo17_Z1_2"	0.125260236	0.323039556	0.056904927	0.004510756	0.316446912	0.014226232	0.022553782	0	0.001734906	0.001387925	0.000346981	0.000346981	0.004163775	0.000693963	0.000346981	0	0	0	0	0	0	0	0	0	0	0	0	0	0.128036086
"Mo17_Z1_3"	0.195697432	0.274115198	0.13185288	0.004510756	0.051006246	0.0055517	0.013879251	0.001040944	0.001734906	0.000693963	0.001040944	0.000346981	0.000346981	0.004857738	0.000693963	0	0	0	0	0	0	0	0	0	0	0	0	0	0.312630118
"LH51_Z1_1"	0.335877863	0.257113116	0.039555864	0.004163775	0.020471895	0.002428869	0.02463567	0.002428869	0.002081888	0.00277585	0.001387925	0	0	0.004163775	0.001387925	0	0	0	0	0	0	0	0	0	0	0	0	0	0.301526718
"LH51_Z1_2"	0.237335184	0.165857044	0.019777932	0.007633588	0.009715475	0.004163775	0.02185982	0.000346981	0.006939625	0.004857738	0.000693963	0.00832755	0	0.002428869	0.006245663	0.000346981	0	0	0	0	0	0	0	0	0	0	0	0	0.503469813
"LH51_Z1_3"	0.204024983	0.272380291	0.041984733	0.014226232	0.000693963	0.00832755	0.037126995	0	0.000693963	0.001040944	0.000693963	0	0.001040944	0.001040944	0	0	0	0	0	0	0	0	0.000346981	0	0	0	0	0	0.416377516
"LH52_Z1_1"	0.089521166	0.085357391	0.016308119	0.005204719	0.000346981	0.00277585	0.011450382	0.059680777	0.000693963	0.000693963	0.000346981	0	0.000346981	0	0	0	0	0	0	0	0	0	0	0	0	0	0	0	0.727272727
"LH52_Z1_2"	0.162734212	0.090215128	0.021165857	0.003816794	0.00832755	0.002428869	0.011797363	0	0.001734906	0.001040944	0.002081888	0.000346981	0	0.000693963	0	0	0	0	0	0	0	0	0	0	0	0	0	0	0.693615545
"LH52_Z1_3"	0.149548924	0.202984039	0.145385149	0.00832755	0.177654407	0.009021513	0.017349063	0.002428869	0.000346981	0.000693963	0.000693963	0.000346981	0	0.002081888	0.000693963	0	0	0	0	0	0	0	0	0	0	0	0	0	0.282442748
"E8501_Z1_1"	0.070784178	0.080152672	0.011450382	0.016655101	0.001040944	0.007980569	0.014226232	0.000693963	0.001387925	0.000693963	0.000693963	0	0	0.000346981	0	0	0	0	0	0	0	0	0	0	0	0	0	0	0.79389313
"E8501_Z1_2"	0.20055517	0.142609299	0.020818876	0.004857738	0.014573213	0.002081888	0.014226232	0.054129077	0.004857738	0.003816794	0.003816794	0	0.000346981	0.002081888	0.000346981	0	0	0	0	0.000346981	0	0	0	0	0	0	0	0	0.530534351
"E8501_Z1_3"	0.176960444	0.238029146	0.041984733	0.055517002	0.001387925	0.006592644	0.116932686	0	0.004857738	0.001734906	0.00277585	0.000693963	0	0.003122831	0.009021513	0	0	0.000693963	0	0	0	0	0	0	0	0	0	0	0.339694656
"LH93_Z1_1"	0.224149896	0.378209577	0.091603053	0.0055517	0.032269257	0.004510756	0.024982651	0	0.001040944	0.001387925	0.000693963	0.00277585	0	0.006592644	0.003469813	0	0	0	0	0.000346981	0	0	0.000346981	0	0	0	0	0	0.222068008
"LH93_Z1_2"	0.180430257	0.251214434	0.068008328	0.007286607	0.040596808	0.007286607	0.02463567	0.000346981	0.002081888	0.006592644	0	0.0055517	0.000346981	0.001040944	0.00277585	0	0	0	0	0	0.000346981	0	0	0	0	0	0	0	0.401457321
"LH93_Z1_3"	0.218251214	0.231783484	0.115544761	0.0055517	0.002081888	0.008674532	0.031228314	0	0.001734906	0.003816794	0	0.002428869	0.000346981	0.00277585	0.001387925	0	0	0	0	0	0	0	0	0	0	0	0	0	0.374392783
"PHJ31_Z1_1"	0.120055517	0.243580847	0.024288688	0.028452464	0.000346981	0.009368494	0.049965302	0.001040944	0.001040944	0.003469813	0.000346981	0.001040944	0	0.001734906	0.001734906	0	0	0	0	0	0	0	0	0	0	0	0	0	0.513532269
"PHJ31_Z1_2"	0.128383067	0.386884108	0.105829285	0.017349063	0.019083969	0.021512838	0.042331714	0	0.001040944	0.004857738	0.002081888	0.0055517	0.000693963	0.007633588	0.003469813	0	0	0	0	0	0	0	0	0	0	0	0	0	0.253296322
"PHJ31_Z1_3"	0.152324774	0.058292852	0.008674532	0.004163775	0.001734906	0.003122831	0.010409438	0	0.001387925	0.001734906	0	0	0	0.000693963	0	0	0	0	0	0	0	0	0	0	0	0	0	0	0.757460097
"PHW20_Z1_1"	0.19222762	0.340388619	0.060721721	0.008674532	0.064191534	0.003469813	0.061068702	0	0.003122831	0.009021513	0.018736988	0	0	0.019430951	0.000346981	0	0	0	0	0	0	0	0	0	0	0	0	0	0.218598196
"PHW20_Z1_2"	0.07980569	0.063844552	0.008674532	0.004857738	0.012838307	0.001734906	0.012491325	0.000346981	0.00277585	0.004163775	0.000346981	0	0	0.000346981	0.000693963	0	0	0	0	0	0	0	0	0	0	0	0	0	0.807078418
"PHW20_Z1_3"	0.310895212	0.360860514	0.062109646	0.019777932	0.010756419	0.003469813	0.072866065	0.000346981	0.001734906	0.002428869	0.001040944	0.002428869	0.000693963	0.002081888	0.001734906	0	0	0	0	0	0	0	0	0	0	0	0	0	0.146773074
"W64A_Z1_1"	0.068355309	0.086051353	0.02185982	0.013532269	0.009368494	0.002081888	0.026370576	0.001040944	0	0.003816794	0.000693963	0	0	0.001387925	0	0	0	0	0	0	0	0	0	0	0	0	0	0	0.765440666
"W64A_Z1_2"	0.163775156	0.157876475	0.023594726	0.009021513	0.031575295	0.006939625	0.078070784	0.002428869	0.00277585	0.001387925	0	0.004163775	0.001040944	0.001040944	0.003122831	0	0	0	0	0	0	0	0	0	0	0	0	0	0.513185288
"W64A_Z1_3"	0.243927828	0.294587092	0.049965302	0.012838307	0.000693963	0.012838307	0.046842471	0	0.003469813	0.005204719	0.013185288	0.001387925	0.000346981	0.000693963	0.005204719	0	0	0.003122831	0	0	0	0	0	0	0	0	0	0	0.305690493
"LH38_Z2_1"	0.147814018	0.118667592	0.020818876	0.006245663	0.001734906	0.004510756	0.017002082	0.018043026	0.000693963	0.003122831	0.009021513	0.004163775	0.000693963	0.003816794	0.001734906	0	0	0	0	0	0	0	0	0	0	0	0	0	0.641915337
"LH38_Z2_2"	0.203678001	0.184941013	0.07147814	0.012838307	0.075988897	0.013185288	0.052741152	0.001040944	0.002081888	0.003816794	0	0.009368494	0	0.005204719	0.012838307	0	0	0	0	0	0	0	0	0	0	0	0	0	0.350798057
"LH38_Z2_3"	0.256766135	0.070784178	0.011797363	0.030881332	0.011797363	0.002081888	0.016308119	0.001040944	0.001387925	0.000346981	0.000693963	0.002081888	0.001040944	0.000346981	0.001040944	0	0	0	0	0	0	0	0	0	0	0	0	0	0.591603053
"LH39_Z2_1"	0.10999306	0.153365718	0.027064539	0.014573213	0.001734906	0.007633588	0.029146426	0.000693963	0.0055517	0.004857738	0.013185288	0	0.000346981	0.007633588	0.000346981	0	0	0	0	0	0	0.000693963	0	0	0	0	0	0	0.623178348
"LH39_Z2_2"	0.07425399	0.084316447	0.023941707	0.017696044	0.004163775	0.0055517	0.020124913	0.002081888	0.001387925	0.004163775	0.001040944	0	0.000346981	0.001387925	0	0	0.001040944	0	0	0	0	0.000346981	0	0	0	0	0	0	0.75815406
"LH39_Z2_3"	0.237335184	0.247050659	0.058639833	0.010062457	0.018043026	0.002428869	0.029840389	0	0.000693963	0.001387925	0.0111034	0.000693963	0	0.001734906	0.002428869	0	0	0	0	0	0.000346981	0	0	0	0	0	0	0	0.378209577
"78371A_Z2_1"	0.051700208	0.09056211	0.015961138	0.006592644	0.00277585	0.009715475	0.020124913	0.001387925	0.002428869	0.001734906	0.000693963	0	0	0	0.000693963	0	0	0	0	0	0	0	0	0	0	0	0	0	0.795628036
"78371A_Z2_2"	0.037473976	0.064538515	0.010062457	0.015614157	0.012144344	0.010756419	0.028452464	0.070090215	0.001734906	0.002081888	0.000346981	0.00277585	0	0.001040944	0.002081888	0	0	0	0	0	0	0	0	0	0	0	0	0	0.740804997
"78371A_Z2_3"	0.105135323	0.095419847	0.034004164	0.008674532	0.004857738	0.004857738	0.037820958	0.001040944	0.001387925	0.002428869	0.000346981	0	0.000346981	0.000693963	0.000693963	0	0	0	0	0	0	0	0	0.000346981	0	0	0	0	0.701943095
"787_Z2_1"	0.315405968	0.231089521	0.024288688	0.022900763	0.014573213	0.021165857	0.080846634	0.058292852	0.006939625	0.004163775	0.006939625	0.013185288	0.001734906	0.003816794	0.001387925	0	0	0	0	0	0	0	0	0	0	0	0	0	0.193268563
"787_Z2_2"	0.134975711	0.193962526	0.110340042	0.013532269	0.018736988	0.032269257	0.055863983	0.015267176	0.003122831	0.019083969	0.001387925	0	0	0.0055517	0.000346981	0	0	0	0	0	0	0.000693963	0	0	0	0	0	0	0.394864677
"787_Z2_3"	0.121096461	0.097501735	0.481263012	0.005204719	0	0.007286607	0.020818876	0.023594726	0.001734906	0	0.011797363	0.000346981	0.000346981	0.001040944	0	0	0	0	0	0	0	0	0	0	0	0	0	0	0.22796669
"IB014_Z2_1"	0.108258154	0.141915337	0.061068702	0.015267176	0	0.022206801	0.052047189	0.001040944	0.001387925	0.002081888	0.001387925	0.000346981	0.000346981	0.002081888	0.001040944	0	0	0.000693963	0	0	0	0	0	0	0	0	0	0	0.588827203
"IB014_Z2_2"	0.052741152	0.121790423	0.017696044	0.046148508	0.009715475	0.006245663	0.037126995	0.000346981	0.000346981	0.004163775	0.001734906	0.000346981	0.000346981	0.000693963	0.000346981	0	0	0	0	0	0	0	0	0	0	0	0	0	0.700208189
"IB014_Z2_3"	0.131158917	0.315058987	0.161346287	0.005898681	0.022206801	0.006939625	0.05482304	0	0.013879251	0.001734906	0.001734906	0	0.001040944	0.002428869	0.001040944	0	0.000346981	0	0	0	0	0	0.000346981	0	0	0	0	0	0.280013879
"PHN11_Z2_1"	0.103747398	0.067314365	0.010409438	0.007286607	0.000693963	0.003469813	0.049618321	0.001387925	0.000346981	0.001387925	0.001387925	0.018390007	0	0.000346981	0.000346981	0	0	0	0	0	0	0.000346981	0	0	0	0	0	0	0.73351839
"PHN11_Z2_2"	0.152324774	0.212699514	0.038861901	0.018043026	0.012491325	0.011450382	0.089174185	0.002081888	0.003122831	0.015267176	0.003816794	0.010409438	0	0.001387925	0.003469813	0	0	0	0	0	0	0	0	0	0	0	0	0	0.425399028
"PHN11_Z2_3"	0.319916724	0.223108952	0.090909091	0.019430951	0.034698126	0.006245663	0.020124913	0.000346981	0.000346981	0.004510756	0	0.005204719	0.000346981	0.015267176	0.006592644	0	0	0	0	0	0	0	0	0	0	0	0	0	0.252949341
"PHJ75_Z2_1"	0.17314365	0.349410132	0.039902845	0.010062457	0.003122831	0.004163775	0.062456627	0.000693963	0.000693963	0.006939625	0.004163775	0	0.000693963	0.006592644	0.000346981	0	0	0	0	0	0	0	0	0	0	0	0	0	0.337612769
"PHJ75_Z2_2"	0.106870229	0.196044414	0.423664122	0.006245663	0.003469813	0.004163775	0.036086051	0.000693963	0.002428869	0.000693963	0.007286607	0.003816794	0.000346981	0.00277585	0.001040944	0	0	0	0	0	0	0	0	0	0	0	0	0	0.204371964
"PHJ75_Z2_3"	0.100971548	0.111034004	0.014226232	0.00832755	0.04129077	0.002428869	0.019777932	0.000693963	0.001040944	0.001734906	0.000346981	0.00277585	0	0.001387925	0.001387925	0	0	0	0	0	0	0	0	0	0	0	0	0	0.692574601
"PHM10_Z2_1"	0.03296322	0.03851492	0.008674532	0.003122831	0.000346981	0.003469813	0.005898681	0.001734906	0.001040944	0.000346981	0.000693963	0	0	0	0	0	0	0	0	0.000346981	0	0.000346981	0	0	0	0	0	0	0.902498265
"PHM10_Z2_2"	0.098195697	0.396599584	0.038167939	0.0055517	0.015961138	0.011450382	0.019777932	0.001387925	0.001387925	0.000693963	0.002428869	0	0.001040944	0.00277585	0.000693963	0.000346981	0	0	0	0	0	0	0	0	0	0	0	0	0.403539209
"PHM10_Z2_3"	0.026717557	0.084316447	0.065232477	0	0.005204719	0.014573213	0.001040944	0	0.080152672	0.011797363	0.010409438	0	0.00277585	0	0	0	0	0	0	0	0	0	0	0	0	0	0	0	0.69777932
"LH205_Z2_1"	0.160305344	0.161693269	0.03573907	0.007633588	0.000346981	0.010062457	0.064191534	0.001040944	0.000693963	0.013532269	0.002081888	0	0	0.000693963	0.002428869	0	0	0	0	0.000346981	0	0	0	0	0	0	0	0	0.539208883
"LH205_Z2_2"	0.189798751	0.301179736	0.056557946	0.009715475	0.078417765	0.009368494	0.021512838	0.000346981	0.001387925	0.005204719	0.003122831	0.000346981	0	0.001040944	0.001040944	0	0	0	0	0	0	0	0	0	0	0	0	0	0.320957668
"LH205_Z2_3"	0.294240111	0.172449688	0.032269257	0.005204719	0.017696044	0.006245663	0.033657183	0	0.004163775	0.003122831	0.014226232	0	0.000693963	0.003122831	0	0	0	0	0	0	0	0	0.000346981	0	0	0	0	0	0.412560722
"PHW51_Z2_1"	0.036086051	0.140527412	0.013185288	0.027064539	0.006592644	0.00277585	0.013185288	0	0.0055517	0.001040944	0.000346981	0	0	0	0.000346981	0	0	0	0	0.000346981	0	0	0	0	0	0	0	0	0.752949341
"PHW51_Z2_2"	0.206800833	0.263011797	0.160652325	0.009368494	0.016655101	0.009021513	0.055863983	0.001040944	0.003122831	0.004510756	0.007980569	0.012144344	0.007980569	0.000693963	0.00277585	0	0	0	0	0	0	0	0.000346981	0	0	0	0	0	0.238029146
"PHW51_Z2_3"	0.098542679	0.104094379	0.015614157	0.079458709	0.00277585	0.003122831	0.022553782	0.001040944	0.020124913	0.003469813	0	0	0.000693963	0.000693963	0.000346981	0	0	0	0	0	0	0	0	0	0	0	0	0	0.647467037
"B73_Z2_1"	0.212005552	0.185981957	0.047883414	0.054129077	0.005204719	0.06870229	0.073560028	0.00277585	0.001734906	0.038167939	0.000693963	0.000346981	0.003469813	0.000346981	0.000346981	0	0	0	0	0	0	0	0	0	0	0	0	0	0.304649549
"B73_Z2_2"	0.184247051	0.294587092	0.056210965	0.025676613	0.085704372	0.007980569	0.027758501	0	0.004857738	0.004510756	0.003816794	0.004510756	0.000346981	0.005204719	0.003816794	0	0.000346981	0	0.001040944	0	0.000693963	0.000346981	0	0	0	0	0	0	0.28834143
"B73_Z2_3"	0.121443442	0.285565579	0.049965302	0.004510756	0.004510756	0.004857738	0.031228314	0	0.002081888	0.002428869	0.003816794	0.002081888	0.001040944	0.0055517	0.002428869	0	0	0	0	0.000693963	0	0	0	0	0	0	0	0	0.477793199
"A632_Z2_1"	0.176266482	0.119708536	0.022206801	0.007980569	0.000693963	0.003469813	0.07425399	0.001734906	0.002428869	0.004163775	0.003122831	0	0	0.001387925	0.000346981	0	0	0	0	0	0	0	0	0	0	0	0	0	0.582234559
"A632_Z2_2"	0.181471201	0.496877169	0.066967384	0.009368494	0.046842471	0.001734906	0.037820958	0.000346981	0.000346981	0.002081888	0.00277585	0.000693963	0	0.001040944	0.001387925	0	0	0	0	0	0	0	0	0	0	0	0	0	0.150242887
"A632_Z2_3"	0.174878557	0.314365024	0.110687023	0.009368494	0.001040944	0.002081888	0.040943789	0	0.002081888	0.001040944	0.000693963	0	0	0.004163775	0.000346981	0	0	0	0	0	0	0	0.000346981	0	0	0	0	0	0.33795975
"Mo17_Z2_1"	0.223802915	0.162387231	0.134975711	0.006245663	0	0.001040944	0.036780014	0.000346981	0.000693963	0.004510756	0.000346981	0.010756419	0	0.001040944	0.000693963	0	0	0	0	0	0	0	0	0	0	0	0	0	0.416377516
"Mo17_Z2_2"	0.193962526	0.200902151	0.037473976	0.012838307	0.036780014	0.009368494	0.040943789	0.002081888	0.000346981	0.000346981	0.000693963	0.012144344	0.001387925	0.001387925	0.001387925	0	0	0	0	0	0.000346981	0	0	0	0	0	0	0	0.447605829
"Mo17_Z2_3"	0.085010409	0.056904927	0.007286607	0.006592644	0	0.001387925	0.010062457	0.000346981	0.000693963	0	0	0.000346981	0	0	0	0	0	0	0	0	0	0	0	0	0.000346981	0	0	0	0.831020125
"LH51_Z2_1"	0.294934074	0.121443442	0.017696044	0.006592644	0.006245663	0.005898681	0.013879251	0.000346981	0.000693963	0.005898681	0.001040944	0.013185288	0.000346981	0.000693963	0.001040944	0	0	0.000346981	0	0	0	0	0	0	0	0	0	0	0.509715475
"LH51_Z2_2"	0.150589868	0.063844552	0.007286607	0.00277585	0.0111034	0.001734906	0.013879251	0.000693963	0.000693963	0.001387925	0	0.000693963	0.000346981	0.001040944	0.002428869	0	0	0	0	0.000346981	0	0	0	0	0	0	0	0	0.741151978
"LH51_Z2_3"	0.117626648	0.085704372	0.013532269	0.007633588	0.000693963	0.006939625	0.012144344	0.000346981	0.001734906	0.00277585	0	0.00277585	0	0.001040944	0.000693963	0	0	0	0	0	0	0	0	0	0	0	0	0	0.746356697
"LH52_Z2_1"	0.23351839	0.259888966	0.026370576	0.010409438	0	0.020818876	0.031575295	0.002081888	0.007633588	0.0055517	0.000346981	0.005204719	0	0.001734906	0.001040944	0	0	0	0	0	0	0	0	0	0	0	0	0	0.393823734
"LH52_Z2_2"	0.177654407	0.251908397	0.059333796	0.014226232	0.009021513	0.008674532	0.045107564	0.002428869	0.000693963	0.006592644	0.001387925	0.000346981	0.000346981	0.006245663	0.003122831	0	0	0	0	0	0	0	0	0	0	0	0	0	0.412907703
"LH52_Z2_3"	0.159611381	0.278278973	0.057251908	0.015267176	0.004163775	0.004163775	0.026023595	0	0.004510756	0.003469813	0.002081888	0.001387925	0	0.005898681	0.002081888	0	0	0	0	0	0	0	0	0	0	0	0	0	0.435808466
"E8501_Z2_1"	0.170020819	0.199514226	0.034698126	0.018390007	0.001040944	0.007286607	0.042678695	0.002428869	0.000346981	0.003469813	0.003469813	0	0	0.000346981	0	0	0	0	0	0	0	0	0	0	0	0	0	0	0.516308119
"E8501_Z2_2"	0.158223456	0.129770992	0.024982651	0.006939625	0.00832755	0.004857738	0.025329632	0.001387925	0	0.002428869	0.002081888	0.001734906	0.001040944	0	0.001040944	0	0	0	0	0	0	0	0	0	0	0	0	0	0.63185288
"E8501_Z2_3"	0.20610687	0.297709924	0.032269257	0.013532269	0.020471895	0.004510756	0.047883414	0.000346981	0.001040944	0.002081888	0.000693963	0.000693963	0	0.002081888	0.002081888	0	0	0	0	0	0	0	0	0	0	0	0	0	0.368494101
"LH93_Z2_1"	0.053435115	0.09888966	0.031575295	0.002428869	0.021512838	0.002428869	0.012838307	0.000346981	0.000693963	0.000693963	0.001040944	0	0.000346981	0.000346981	0.000346981	0	0.003122831	0	0	0	0	0	0	0	0	0	0	0	0.769951423
"LH93_Z2_2"	0.210617627	0.157876475	0.015267176	0.005898681	0.028105482	0.002428869	0.013879251	0.000693963	0.002428869	0.008674532	0.000346981	0	0.000346981	0.000346981	0.001387925	0	0	0	0	0	0	0	0	0	0	0	0	0	0.551700208
"LH93_Z2_3"	0.167244969	0.138445524	0.024982651	0.009368494	0.002081888	0.011797363	0.038167939	0	0.000693963	0.00277585	0.000346981	0	0.000693963	0.000693963	0.000346981	0	0	0	0	0	0	0	0	0	0	0	0	0	0.602359473
"PHJ31_Z2_1"	0.249826509	0.177307425	0.021512838	0.040249827	0.000693963	0.009715475	0.030534351	0.001040944	0.000693963	0.003816794	0.000693963	0	0	0	0	0	0	0	0	0	0	0	0	0	0	0	0	0	0.463913949
"PHJ31_Z2_2"	0.128036086	0.070090215	0.060721721	0.016655101	0.019777932	0.003816794	0.018736988	0.002428869	0.00277585	0.001387925	0.000693963	0.005204719	0.000346981	0	0.003816794	0	0	0	0	0.000346981	0	0	0	0	0.000346981	0	0	0	0.6648161
"PHJ31_Z2_3"	0.151977793	0.055170021	0.052047189	0.03851492	0.000346981	0.056557946	0.006245663	0	0.000346981	0.001387925	0.000346981	0.000693963	0	0	0.001040944	0	0	0	0	0	0	0	0	0	0	0	0	0	0.635322693
"PHW20_Z2_1"	0.195697432	0.347328244	0.037126995	0.03296322	0.017002082	0.004510756	0.03018737	0	0.009021513	0.007286607	0.00277585	0	0.003122831	0.006939625	0.000693963	0	0	0	0	0	0	0	0	0	0	0	0	0	0.305343511
"PHW20_Z2_2"	0.083969466	0.057945871	0.010062457	0.003122831	0.010062457	0.001734906	0.007980569	0.000346981	0.000693963	0.002081888	0.000346981	0	0.000346981	0.000693963	0	0	0	0	0	0	0	0	0	0	0	0	0	0	0.820610687
"PHW20_Z2_3"	0.202984039	0.166204025	0.020471895	0.151283831	0.014226232	0.007286607	0.02741152	0.000346981	0.008674532	0.003122831	0.001387925	0.000346981	0	0.000693963	0	0	0	0	0	0	0	0	0	0	0	0	0	0	0.39555864
"W64A_Z2_1"	0.061415684	0.04129077	0.007633588	0.0055517	0.00277585	0.000346981	0.007286607	0.070090215	0.001040944	0.000693963	0	0	0	0	0.000346981	0	0.000346981	0	0	0	0	0	0	0	0	0	0	0	0.801179736
"W64A_Z2_2"	0.215822346	0.174531575	0.028799445	0.007980569	0.018043026	0.003122831	0.028105482	0.035045108	0.001040944	0.000693963	0.001734906	0.000693963	0	0.003469813	0.001734906	0	0	0	0	0	0	0	0.000346981	0	0	0	0	0	0.478834143
"W64A_Z2_3"	0.176266482	0.132893824	0.053435115	0.029840389	0.001040944	0.006939625	0.026717557	0.002428869	0.001387925	0.001734906	0	0	0	0.001734906	0.001387925	0	0	0	0	0	0	0	0	0	0	0	0	0	0.564191534
"LH38_Z3_1"	0.223802915	0.179389313	0.051700208	0.013879251	0.007286607	0.003816794	0.028105482	0.000693963	0.001040944	0.002428869	0.000693963	0	0.000346981	0.001040944	0.002081888	0	0	0	0	0	0	0	0	0	0	0	0	0	0.483691881
"LH38_Z3_2"	0.619708536	0.081540597	0.0111034	0.00832755	0.001040944	0.000346981	0.017349063	0.001040944	0.001040944	0.001387925	0.000346981	0.003816794	0.001040944	0.000346981	0.00832755	0.003816794	0	0	0	0	0.001040944	0	0	0	0	0	0	0	0.238376128
"LH38_Z3_3"	0.477793199	0.067314365	0.012144344	0.015267176	0.005204719	0.001387925	0.013185288	0	0	0.000346981	0.000346981	0.00277585	0	0	0.002081888	0	0	0	0	0	0	0	0	0	0	0	0	0	0.402151284
"LH39_Z3_1"	0.273768217	0.217210271	0.04129077	0.004510756	0.002428869	0.004857738	0.022553782	0.000693963	0.007980569	0.005204719	0.011797363	0	0.000693963	0.003816794	0.000693963	0	0	0	0	0	0	0.000346981	0	0	0	0	0	0	0.402151284
"LH39_Z3_2"	0.122831367	0.125607217	0.015267176	0.031922276	0.003816794	0.012838307	0.039902845	0.003816794	0.003816794	0.003122831	0.000693963	0.000346981	0	0.003122831	0.000346981	0	0	0	0	0	0	0	0	0	0	0	0	0	0.632546842
"LH39_Z3_3"	0.31332408	0.24462179	0.065232477	0.00832755	0.03018737	0.012838307	0.042331714	0.000693963	0.001040944	0.001734906	0.001040944	0.002428869	0.000346981	0.001734906	0.00277585	0	0	0	0	0	0	0	0	0	0	0	0	0	0.271339348
"78371A_Z3_1"	0.482303956	0.133240805	0.023247745	0.008674532	0.002081888	0.004857738	0.012838307	0.000693963	0	0.000346981	0.001040944	0.000346981	0	0.001040944	0.000693963	0	0	0	0	0	0	0	0	0	0.000346981	0	0	0	0.328244275
"78371A_Z3_2"	0.115544761	0.228313671	0.106523248	0.014920194	0.074600972	0.016308119	0.070090215	0.002428869	0	0.000693963	0	0.009715475	0.000693963	0.006592644	0.001387925	0	0	0.001040944	0	0	0	0	0	0	0	0	0	0	0.351145038
"78371A_Z3_3"	0.12074948	0.15648855	0.047536433	0.006592644	0.001387925	0.002428869	0.012144344	0.001040944	0	0.000346981	0	0.00277585	0.000346981	0.001040944	0.000346981	0	0	0	0	0	0	0	0	0	0	0	0	0	0.646773074
"787_Z3_1"	0.260582929	0.3351839	0.040249827	0.017349063	0.029840389	0.010062457	0.067661346	0.022206801	0.004510756	0.003122831	0.012491325	0.000693963	0.000693963	0.002081888	0	0	0	0	0	0	0	0	0	0	0	0	0	0	0.193268563
"787_Z3_2"	0.072866065	0.433032616	0.042678695	0.007980569	0.02185982	0.215128383	0.04406662	0.015614157	0.002081888	0.003816794	0.000346981	0.012838307	0	0.001040944	0.000693963	0	0	0	0	0	0	0	0	0	0	0	0	0	0.125954198
"787_Z3_3"	0.213046495	0.297015961	0.077376822	0.017002082	0.001387925	0.043372658	0.03296322	0.054129077	0.004510756	0.001040944	0.010409438	0.000693963	0.000693963	0.003816794	0.000346981	0	0	0	0	0	0	0	0	0	0	0	0	0	0.242192922
"IB014_Z3_1"	0.418112422	0.124566273	0.028799445	0.022553782	0.00277585	0.007633588	0.019430951	0.001387925	0.001387925	0.009715475	0.000693963	0.019430951	0.002428869	0.008674532	0.002081888	0	0	0	0.000346981	0	0	0	0	0	0.000346981	0	0	0	0.3296322
"IB014_Z3_2"	0.178348369	0.303955586	0.09056211	0.015614157	0.095419847	0.006245663	0.025676613	0.000693963	0.001040944	0.005204719	0.001734906	0.000346981	0	0.003816794	0.001040944	0	0	0	0	0.000346981	0	0	0	0	0	0	0	0	0.269951423
"IB014_Z3_3"	0.244274809	0.222761971	0.130811936	0.102706454	0.000693963	0.004510756	0.072172103	0.001734906	0.000346981	0.001734906	0.005204719	0.02463567	0.000693963	0.001387925	0.0055517	0	0	0	0	0	0.000346981	0.000693963	0	0	0	0	0	0	0.179736294
"PHN11_Z3_1"	0.288688411	0.156141568	0.064191534	0.045801527	0.002428869	0.004163775	0.083622484	0.000346981	0.000693963	0.007980569	0.00277585	0.000346981	0	0.001734906	0.000346981	0	0	0	0	0	0	0	0	0	0	0	0	0	0.3407356
"PHN11_Z3_2"	0.208188758	0.275850104	0.023247745	0.006245663	0.005898681	0.005204719	0.053435115	0.001387925	0.002081888	0.003469813	0.011450382	0.002428869	0.000346981	0.001040944	0.000693963	0	0	0.000346981	0	0	0	0	0	0	0	0	0	0	0.398681471
"PHN11_Z3_3"	0.75815406	0.100624566	0.010409438	0.004163775	0.001040944	0.00277585	0.010756419	0.001040944	0.00277585	0.003816794	0	0	0	0.000346981	0.000346981	0	0	0	0	0	0	0	0	0	0.000346981	0	0	0	0.103400416
"PHJ75_Z3_1"	0.1592644	0.106870229	0.026023595	0.020471895	0.00277585	0.005204719	0.02741152	0.000693963	0	0.001387925	0.001040944	0.005898681	0.000346981	0.001040944	0.000693963	0	0	0	0	0	0	0	0	0	0	0	0	0	0.640874393
"PHJ75_Z3_2"	0.227619709	0.182512144	0.223108952	0.006245663	0.002428869	0.002081888	0.137751561	0.002081888	0.000693963	0.001040944	0.013532269	0	0	0.001734906	0	0	0	0	0	0	0	0	0.000346981	0	0	0	0	0	0.198820264
"PHJ75_Z3_3"	0.184247051	0.048230396	0.004857738	0.003469813	0.006939625	0.002081888	0.012838307	0.000346981	0.000693963	0.001387925	0.000693963	0.001734906	0	0	0.001734906	0	0	0	0	0	0	0	0	0	0	0	0	0	0.73074254
"PHM10_Z3_1"	0.188063845	0.16759195	0.057251908	0.019083969	0.00277585	0.00277585	0.027064539	0.000693963	0.004163775	0.001734906	0.00277585	0.003816794	0.002081888	0.000693963	0.015614157	0	0	0	0	0	0	0	0	0	0	0	0	0	0.503816794
"PHM10_Z3_2"	0.142609299	0.36537127	0.03296322	0.010409438	0.015961138	0.004510756	0.033310201	0.015267176	0.002428869	0.000346981	0.007633588	0.0055517	0.000346981	0.004163775	0.002428869	0	0	0	0	0	0.000346981	0	0	0	0	0	0	0	0.356349757
"PHM10_Z3_3"	0.189798751	0.128036086	0.024982651	0.066273421	0	0.001040944	0.061068702	0	0.002428869	0.000693963	0.001387925	0.001734906	0	0.00277585	0.001040944	0	0	0	0	0	0	0	0	0	0	0	0	0	0.518736988
"LH205_Z3_1"	0.184941013	0.35981957	0.061068702	0.011450382	0.001387925	0.006939625	0.055517002	0.000346981	0.004163775	0.00277585	0.007633588	0	0.000346981	0.003816794	0.001387925	0	0	0	0	0	0	0	0	0	0	0	0	0	0.298403886
"LH205_Z3_2"	0.035392089	0.100971548	0.02741152	0.004163775	0.010756419	0.001734906	0.00832755	0.000346981	0.001040944	0.001387925	0.001387925	0	0	0.000346981	0.001040944	0	0	0	0	0	0	0	0	0	0	0	0	0	0.805690493
"LH205_Z3_3"	0.064538515	0.209923664	0.06592644	0.019777932	0.03573907	0.009368494	0.067314365	0.001040944	0.002428869	0.006245663	0.026023595	0	0.001040944	0.006245663	0	0	0	0.001040944	0	0	0	0	0	0	0	0	0	0	0.483344899
"PHW51_Z3_1"	0.027758501	0.075988897	0.10999306	0.134281749	0.000346981	0.012838307	0.010409438	0.001040944	0.000346981	0.000346981	0.000693963	0	0	0.000693963	0.010062457	0	0	0	0	0	0	0.000346981	0	0	0	0	0	0	0.614850798
"PHW51_Z3_2"	0.278278973	0.271339348	0.166204025	0.004510756	0.006939625	0.002428869	0.118320611	0.001387925	0	0.00277585	0.005204719	0	0.000346981	0.002081888	0.003469813	0	0	0	0	0	0	0	0	0	0	0	0	0	0.136710618
"PHW51_Z3_3"	0.138098543	0.216863289	0.036086051	0.052394171	0.006245663	0.002081888	0.052741152	0.000346981	0.001040944	0.001040944	0.006592644	0	0	0.002428869	0.000346981	0	0	0	0	0	0	0	0	0	0	0	0	0	0.483691881
"B73_Z3_1"	0.140527412	0.295975017	0.160999306	0.032616239	0.000693963	0.009021513	0.046148508	0.000693963	0.001040944	0.005204719	0.004163775	0.005204719	0.001387925	0.002428869	0.001734906	0	0	0	0	0	0	0	0	0	0	0	0	0	0.292158223
"B73_Z3_2"	0.404580153	0.324774462	0.173837613	0.001734906	0.000346981	0.001387925	0.02185982	0	0	0.001040944	0.001040944	0.000693963	0	0.000693963	0.002081888	0	0	0	0	0	0	0	0	0	0	0	0	0	0.06592644
"B73_Z3_3"	0.075294934	0.244274809	0.031922276	0.030881332	0.002081888	0.005204719	0.035392089	0	0.000693963	0.001040944	0	0	0.000693963	0.002081888	0	0	0	0	0	0.001040944	0	0	0	0	0	0	0	0	0.569396253
"A632_Z3_1"	0.210617627	0.231436502	0.07980569	0.006939625	0.000346981	0.002428869	0.03296322	0	0.000693963	0.003469813	0.008674532	0	0	0	0.000693963	0	0	0	0	0	0	0	0	0	0	0	0	0	0.421929216
"A632_Z3_2"	0.193615545	0.297015961	0.019777932	0.013532269	0.013879251	0.004163775	0.026717557	0.001387925	0.003122831	0.000346981	0.011450382	0	0	0.002428869	0.013185288	0	0	0	0	0.000346981	0	0	0	0	0	0	0	0	0.399028452
"A632_Z3_3"	0.229007634	0.294240111	0.059680777	0.029146426	0.000693963	0.007980569	0.066273421	0	0	0	0.001040944	0.000346981	0.000346981	0.0111034	0.001734906	0	0	0.000346981	0	0	0	0	0	0	0	0	0	0	0.298056905
"Mo17_Z3_1"	0.275503123	0.325815406	0.106523248	0.018736988	0.000693963	0.007286607	0.047536433	0.000346981	0.000693963	0.002081888	0.000693963	0.007980569	0.000346981	0.001387925	0.001040944	0	0	0	0	0	0	0	0.000346981	0	0	0	0	0	0.202984039
"Mo17_Z3_2"	0.336571825	0.123178348	0.017696044	0.007286607	0.017696044	0.010062457	0.020471895	0.001387925	0.001387925	0.001387925	0.000346981	0.015614157	0.000346981	0.00277585	0.00277585	0	0	0	0	0.000346981	0	0	0	0	0	0	0	0	0.440666204
"Mo17_Z3_3"	0.130464955	0.05482304	0.007980569	0.004857738	0.004857738	0.001734906	0.011450382	0	0.000693963	0.000346981	0.000346981	0	0.000346981	0	0	0	0	0	0	0	0	0	0	0	0	0	0	0	0.782095767
"LH51_Z3_1"	0.377515614	0.303955586	0.056210965	0.011450382	0.001734906	0.009715475	0.035045108	0	0.001040944	0.012144344	0.000693963	0.001387925	0.000346981	0.000693963	0.003122831	0	0	0	0	0	0	0	0	0	0	0	0	0	0.184941013
"LH51_Z3_2"	0.345940319	0.264399722	0.06315059	0.008674532	0.009368494	0.002081888	0.068355309	0	0.003816794	0.001734906	0.004510756	0.003469813	0.000346981	0.007980569	0.003469813	0	0	0	0	0	0	0	0	0	0	0	0	0	0.212699514
"LH51_Z3_3"	0.402498265	0.133934768	0.016655101	0.026370576	0.006592644	0.001387925	0.018390007	0	0.001734906	0.006592644	0.000346981	0.003122831	0.001734906	0.000693963	0.001734906	0	0	0	0	0	0	0	0	0	0	0	0	0	0.378209577
"LH52_Z3_1"	0.066273421	0.125607217	0.062456627	0.397293546	0.000346981	0.009715475	0.039555864	0.000346981	0.00277585	0.000693963	0	0.002081888	0.000346981	0.000346981	0.000693963	0	0	0	0	0.000346981	0	0	0	0	0	0	0	0	0.29111728
"LH52_Z3_2"	0.54129077	0.085010409	0.03296322	0.004163775	0.008674532	0.001040944	0.010062457	0	0.003469813	0.002081888	0	0.000693963	0	0.001040944	0.000693963	0	0	0	0	0	0	0	0	0	0	0	0	0	0.308813324
"LH52_Z3_3"	0.477446218	0.171061763	0.011450382	0.017002082	0.007980569	0.005204719	0.02185982	0.000693963	0.002428869	0.000346981	0.000693963	0.004510756	0.000693963	0.002428869	0.012491325	0.000346981	0	0	0	0	0	0	0	0	0	0	0	0	0.263358779
"E8501_Z3_1"	0.370229008	0.129770992	0.022553782	0.007980569	0	0.003816794	0.019777932	0.000693963	0.001734906	0.001387925	0.001040944	0.003122831	0	0	0	0	0	0	0	0	0	0	0	0	0	0	0	0	0.437890354
"E8501_Z3_2"	0.187022901	0.285912561	0.09611381	0.007633588	0.125607217	0.002081888	0.103053435	0	0.000693963	0.002428869	0.016655101	0	0.001040944	0.000693963	0	0	0	0	0	0	0	0	0	0	0	0	0	0	0.171061763
"E8501_Z3_3"	0.175572519	0.262317835	0.088480222	0.014226232	0.036433033	0.003816794	0.052047189	0.001387925	0.000346981	0.001734906	0.004163775	0.000693963	0	0.001734906	0.002081888	0	0	0	0	0	0	0	0	0	0	0	0	0	0.354961832
"LH93_Z3_1"	0.168979875	0.29944483	0.070784178	0.013185288	0.016308119	0.006592644	0.036086051	0.000346981	0.007980569	0.003122831	0.008674532	0.002081888	0.002081888	0.003469813	0.003469813	0	0	0	0	0	0	0	0	0	0	0	0	0	0.357390701
"LH93_Z3_2"	0.228660652	0.295975017	0.072519084	0.007980569	0.047536433	0.002428869	0.057945871	0.000346981	0.001387925	0.005204719	0	0.000346981	0.000693963	0.000346981	0.000693963	0	0	0	0	0	0	0	0	0	0	0	0	0	0.277931992
"LH93_Z3_3"	0.348716169	0.166204025	0.02185982	0.024288688	0.018043026	0.002428869	0.033310201	0.001387925	0.000693963	0.00277585	0.000346981	0	0	0	0.000346981	0	0	0	0	0	0	0	0	0	0	0	0	0	0.379597502
"PHJ31_Z3_1"	0.174184594	0.235600278	0.089868147	0.034698126	0.014573213	0.009368494	0.136016655	0.001040944	0.002428869	0.004510756	0.001734906	0.009021513	0.000346981	0.001734906	0.010756419	0	0	0	0	0	0	0	0	0	0	0	0	0	0.274115198
"PHJ31_Z3_2"	0.169673838	0.259888966	0.04406662	0.019083969	0.039555864	0.023247745	0.040249827	0.000346981	0.000346981	0.006592644	0	0.001387925	0.000693963	0.003816794	0.001387925	0	0	0	0	0	0	0	0	0	0	0	0	0	0.389659958
"PHJ31_Z3_3"	0.214087439	0.269951423	0.034351145	0.011797363	0.008674532	0.021165857	0.148160999	0.000693963	0.003122831	0.0055517	0	0.0111034	0.00277585	0.0055517	0.009368494	0	0	0	0	0	0	0	0	0	0	0	0	0	0.253643303
"PHW20_Z3_1"	0.005898681	0.120055517	0.078417765	0	0.00277585	0.043025677	0.105829285	0	0.045801527	0.060027759	0.020818876	0	0.004510756	0	0	0	0	0	0	0	0	0	0	0	0	0	0	0	0.512838307
"PHW20_Z3_2"	0.455239417	0.158223456	0.019777932	0.006245663	0.014920194	0.004510756	0.016655101	0.043719639	0.001387925	0.001734906	0.003469813	0.003122831	0.000693963	0.00277585	0.001040944	0	0	0	0	0	0.000346981	0	0	0	0	0	0	0	0.266134629
"PHW20_Z3_3"	0.187369882	0.163428175	0.035045108	0.030534351	0.000693963	0.005204719	0.028105482	0.001387925	0.006245663	0.002081888	0.000693963	0.000346981	0.000693963	0.000693963	0.003469813	0	0	0.000346981	0	0	0	0	0	0	0	0	0	0	0.533657183
"W64A_Z3_1"	0.112074948	0.094378904	0.04406662	0.0111034	0.010756419	0.005898681	0.032269257	0.002081888	0.001734906	0.000346981	0.001387925	0.000693963	0	0	0.000693963	0	0.000693963	0	0	0	0	0	0	0	0.000346981	0	0	0	0.681471201
"W64A_Z3_2"	0.119361554	0.088827203	0.013532269	0.020818876	0.006245663	0.002428869	0.027758501	0.056210965	0.001040944	0.001387925	0.000693963	0	0	0.001734906	0.000693963	0	0	0	0	0	0	0	0	0	0	0	0	0	0.6592644
"W64A_Z3_3"	0.129770992	0.193268563	0.124566273	0.007286607	0.00277585	0.000693963	0.032616239	0.000346981	0.00832755	0.003122831	0.000693963	0	0	0.001387925	0	0	0	0.000346981	0	0	0	0	0	0	0	0	0	0	0.494795281
