"Taxonomy"	"Mortierellales"	"Eurotiales"	"Hypocreales"	"Thelebolales"	"Incertae_sedis_Ascomycota"	"Pleosporales"	"Sordariales"	"Cantharellales"	"Saccharomycetales"	"Microascales"	"Chaetothyriales"	"Incertae_sedis_Sordariomycetes"	"Helotiales"	"Incertae_sedis_Dothideomycetes"	"Trichosphaeriales"	"Pezizales"	"Corticiales"	"Rhizophlyctidales"	"Incertae_sedis_Leotiomycetes"	"Amylocorticiales"	"Kickxellales"	"Ustilaginales"	"Agaricales"	"Orbiliales"	"Chytridiales"	"Sporidiobolales"	"Onygenales"	"Xylariales"	"Spizellomycetales"	"Cystofilobasidiales"	"Diversisporales"	"Mucorales"	"Glomerales"	"Tremellales"	"Capnodiales"	"Sebacinales"	"Blastocladiales"	"Polyporales"	"Russulales"	"Incertae_sedis_Fungi"	"Acarosporales"	"Erysiphales"	"Coniochaetales"	"Botryosphaeriales"	"Erythrobasidiales"	"Agaricostilbales"	"Auriculariales"	"Agyriales"	"Wallemiales"	"Chaetosphaeriales"	"Incertae_sedis_Agaricomycetes"	"Boletales"	"Magnaporthales"	"Malasseziales"	"Rhytismatales"	"Teloschistales"	"Melanosporales"	"Paraglomerales"	"Diaporthales"	"Venturiales"	"Archaeorhizomycetales"	"Trichosporonales"	"Taphrinales"	"Geastrales"	"Trechisporales"	"Cystobasidiales"	"Incertae_sedis_Eurotiomycetes"	"Hymenochaetales"	"Incertae_sedis_Exobasidiomycetes"	"Arachnomycetales"	"Archaeosporales"	"Geminibasidiales"	"Verrucariales"	"Tubeufiales"	"Rhizophydiales"	"Neocallimastigales"	"Thelephorales"	"Boliniales"	"Dothideales"	"Filobasidiales"	"Incertae_sedis_Tritirachiomycetes"	"Gloeophyllales"	"Olpidiales"	"Leotiales"	"Microthyriales"	"Lulworthiales"	"Atheliales"	"Others"
"LH38_Z1_1"	0.047883414	0.036086051	0.058292852	0	0.003469813	0.010409438	0.007286607	0.000693963	0.001387925	0.014226232	0.006592644	0.013532269	0.005204719	0	0	0.005204719	0.000693963	0	0.005204719	0	0.000346981	0.030534351	0.00277585	0	0.001040944	0.004857738	0.004510756	0	0.000346981	0	0	0	0	0.000693963	0.000346981	0	0	0	0	0	0	0	0	0	0	0	0	0	0	0	0	0	0	0	0	0	0	0	0	0	0	0	0	0	0	0	0	0	0	0	0	0	0	0	0	0	0	0	0	0	0	0	0	0	0	0	0	0.738376128
"LH38_Z1_2"	0.106870229	0.349063151	0.108952117	0.002428869	0.052741152	0.026023595	0.018736988	0.004510756	0.000346981	0.007633588	0.00277585	0.0111034	0.004163775	0	0.001387925	0.001040944	0	0.000346981	0.003469813	0	0	0.000346981	0.001734906	0.000346981	0	0.003816794	0.004163775	0	0	0	0	0.000693963	0.000693963	0.001734906	0.0111034	0	0	0	0	0	0	0	0	0	0	0	0	0	0	0	0	0	0	0.000346981	0	0	0	0	0	0	0	0	0	0	0	0	0	0	0	0	0	0	0	0	0	0	0	0	0	0	0	0	0	0	0	0	0	0.273421235
"LH38_Z1_3"	0.201249133	0.047883414	0.12907703	0.026370576	0.044413602	0.043719639	0.043372658	0.000693963	0.000693963	0.022206801	0.001040944	0.014226232	0.00277585	0.000346981	0.001040944	0.001734906	0.000346981	0.010756419	0.003469813	0	0	0.004163775	0.001387925	0.000346981	0.000346981	0.001040944	0.001387925	0	0.000693963	0	0	0	0	0	0.003122831	0	0	0	0	0	0	0	0	0	0	0	0	0	0	0	0	0	0	0	0	0	0	0	0.000346981	0	0	0	0	0	0	0	0	0	0	0	0	0	0	0	0	0	0	0	0	0	0	0	0	0	0	0	0	0.391741846
"LH39_Z1_1"	0.068008328	0.010409438	0.034004164	0	0.003122831	0.009021513	0.017002082	0.000346981	0.000346981	0.007286607	0.001387925	0.002081888	0.002428869	0	0.001734906	0.00277585	0	0	0.001734906	0	0.000346981	0.001040944	0.001734906	0	0	0.000346981	0.000346981	0	0.001734906	0	0	0.000346981	0	0	0.004857738	0	0	0	0.000693963	0	0	0	0	0	0	0	0	0	0	0	0	0	0	0	0	0	0	0	0	0	0	0	0	0	0	0	0	0	0	0	0	0	0	0	0	0	0	0	0	0	0	0	0	0	0	0	0	0.82685635
"LH39_Z1_2"	0.04129077	0.004163775	0.022206801	0	0.003122831	0.005204719	0.011450382	0.000346981	0.001040944	0.003122831	0	0.001040944	0.005898681	0	0.000693963	0.001387925	0	0	0.000346981	0	0	0.000346981	0.001387925	0	0	0.000346981	0.000693963	0	0.000693963	0	0	0	0	0	0.000693963	0	0	0	0	0	0	0	0	0	0	0	0	0	0	0	0	0	0	0	0	0	0	0	0	0	0	0	0	0	0	0	0	0	0	0	0	0	0	0	0	0	0	0	0	0	0	0	0	0	0	0	0	0.894517696
"LH39_Z1_3"	0.214087439	0.062803609	0.142609299	0.001387925	0.038167939	0.019777932	0.030881332	0.000693963	0.000346981	0.022206801	0.002081888	0.007980569	0.00277585	0	0.007980569	0.001734906	0	0	0.009715475	0	0	0.006939625	0.001040944	0	0	0.002081888	0.002428869	0	0	0	0	0.000346981	0	0.000693963	0.003816794	0	0	0	0.000693963	0	0	0	0	0	0	0	0	0	0	0	0	0	0	0	0	0	0.000346981	0	0	0	0	0	0	0	0	0	0	0	0	0	0	0	0	0	0	0	0	0	0	0	0	0	0	0	0	0	0	0.416377516
"78371A_Z1_1"	0.048230396	0.007980569	0.023247745	0	0.002081888	0.014573213	0.015961138	0.003122831	0.001734906	0.001387925	0.000693963	0.002081888	0.003122831	0	0.000693963	0.001387925	0.000693963	0	0	0	0	0	0.000693963	0.000346981	0	0.000346981	0.001040944	0	0.001734906	0	0	0.000346981	0	0	0.002428869	0	0	0	0.000346981	0	0	0	0	0	0	0	0	0	0	0	0	0	0	0	0	0	0	0	0	0	0	0	0	0	0.000346981	0	0	0	0	0	0	0	0	0	0	0	0	0	0	0	0	0	0	0	0	0	0	0.86537127
"78371A_Z1_2"	0.039902845	0.010062457	0.025329632	0.006592644	0.007286607	0.012144344	0.016308119	0.000346981	0.002081888	0.002081888	0.000346981	0.00277585	0.004510756	0	0	0.001387925	0	0.000346981	0	0	0.000346981	0.000346981	0.001387925	0	0	0.000693963	0.000346981	0.000693963	0.000346981	0	0	0.000693963	0.000346981	0.000346981	0.001387925	0	0	0	0	0	0	0	0	0	0	0	0	0	0	0	0	0	0	0	0	0	0	0	0	0	0	0	0	0	0	0	0	0	0	0	0	0	0	0	0	0	0	0	0	0	0	0	0	0	0	0	0	0.861554476
"78371A_Z1_3"	0.097154754	0.017349063	0.048577377	0.002428869	0.011797363	0.014920194	0.187716863	0	0.000693963	0.010062457	0.001040944	0.002081888	0.005204719	0	0.006939625	0.002081888	0	0	0.000693963	0	0	0.001040944	0.001734906	0	0	0.000346981	0.000346981	0.000346981	0.001040944	0	0	0.000346981	0	0	0.001387925	0	0	0	0	0	0	0	0	0	0	0	0	0	0	0	0	0	0	0	0	0	0	0	0	0	0	0	0	0	0	0	0	0	0	0	0	0	0	0	0	0	0	0	0	0	0	0	0	0	0	0	0	0.584663428
"787_Z1_1"	0.367453158	0.046148508	0.080152672	0.003122831	0	0.019430951	0.034351145	0.071131159	0.036086051	0.012838307	0.003122831	0.004163775	0.005204719	0.000693963	0.001040944	0.003122831	0	0	0.000693963	0	0.002081888	0.001040944	0.015267176	0.000346981	0.000693963	0.00277585	0.000693963	0	0	0.000346981	0	0	0	0.007980569	0.00277585	0	0	0	0	0	0	0	0	0	0	0	0	0	0	0	0	0	0	0.000346981	0	0	0	0	0	0	0	0	0	0	0	0	0	0	0	0	0	0	0	0	0	0	0	0	0	0	0	0	0	0	0	0	0	0.276891048
"787_Z1_2"	0.214087439	0.018736988	0.130117974	0.000346981	0.009021513	0.029493407	0.052047189	0.001387925	0.064191534	0.02463567	0.009715475	0.003816794	0.020471895	0	0.004857738	0.005898681	0.000346981	0	0.000693963	0	0.00277585	0.012838307	0.004510756	0.001040944	0	0.007980569	0.001040944	0	0	0.000346981	0	0	0	0	0.003469813	0	0	0	0	0	0	0	0.000346981	0	0	0	0	0	0	0	0	0	0	0	0	0	0.000346981	0	0	0	0	0	0	0	0	0	0	0	0	0	0	0	0	0	0	0	0	0	0	0	0	0	0	0	0	0	0	0.375433727
"787_Z1_3"	0.132893824	0.022553782	0.187716863	0.0055517	0.000346981	0.027064539	0.082581541	0.000346981	0.128383067	0.013532269	0.004857738	0.004857738	0.002428869	0	0.014226232	0.000346981	0.000346981	0	0.001040944	0.041984733	0	0.022206801	0.003816794	0.000693963	0	0.002081888	0.000693963	0.000693963	0.001040944	0	0	0	0.003469813	0.000346981	0.006939625	0	0	0.000346981	0.000346981	0	0.000693963	0	0	0	0	0	0	0	0.000346981	0	0	0	0	0	0	0	0	0	0	0	0	0	0	0	0	0	0	0	0	0	0	0	0	0	0	0	0	0	0	0	0	0	0	0	0	0	0	0.285218598
"IB014_Z1_1"	0.138098543	0.011797363	0.056904927	0.000693963	0.002081888	0.013532269	0.022553782	0.001040944	0.001040944	0.007633588	0.001387925	0.001734906	0.002081888	0	0.000693963	0.001040944	0	0	0.001040944	0	0	0.007286607	0	0.000346981	0	0.003816794	0.000693963	0	0	0	0.000693963	0.001040944	0.001040944	0.000693963	0.0055517	0	0	0	0	0	0	0	0	0	0	0	0	0	0	0	0	0	0	0	0	0	0	0	0	0	0	0	0	0	0	0	0	0	0	0	0	0	0	0	0	0	0	0	0	0	0	0	0	0	0	0	0	0.715475364
"IB014_Z1_2"	0.086745316	0.033310201	0.05759889	0.008674532	0.004857738	0.019430951	0.017696044	0	0.000693963	0.006592644	0.002081888	0.017696044	0.004857738	0	0.000346981	0.008674532	0.0055517	0.000346981	0.001387925	0	0	0.003122831	0.001387925	0.000346981	0	0.00277585	0.003122831	0	0.000346981	0	0	0.000346981	0.001040944	0.000346981	0.000693963	0	0	0	0	0	0	0	0	0	0.000346981	0	0	0	0	0	0	0	0	0	0	0	0	0	0	0	0	0	0	0	0	0	0	0	0	0	0	0	0	0	0	0	0	0	0	0	0	0	0	0	0	0	0	0.709576683
"IB014_Z1_3"	0.139486468	0.062803609	0.20333102	0.017349063	0	0.045454545	0.04406662	0.001040944	0.000346981	0.018043026	0.003469813	0.013879251	0.005204719	0	0.005898681	0.000346981	0	0	0.001734906	0	0	0.006245663	0.00277585	0	0.000346981	0.002428869	0.002428869	0	0	0	0.000693963	0	0.001734906	0.000693963	0.00277585	0	0	0	0	0	0	0	0	0	0	0	0	0	0	0	0	0	0	0	0	0	0	0	0	0	0	0	0	0	0.000346981	0	0	0	0	0	0	0	0	0	0	0	0	0	0	0	0	0	0	0	0	0	0	0.417071478
"PHN11_Z1_1"	0.147120056	0.015961138	0.052047189	0.001387925	0.000346981	0.019777932	0.026717557	0.000693963	0.002428869	0.005898681	0.000693963	0.007286607	0.003469813	0	0.000693963	0.003469813	0	0	0.000346981	0	0	0.002428869	0.001734906	0	0	0	0.003122831	0.001040944	0.001040944	0	0.009368494	0	0.006939625	0.001734906	0.004163775	0	0	0	0	0	0	0	0	0	0	0	0	0	0.000693963	0	0	0	0	0	0	0	0	0	0	0	0	0.000346981	0	0	0	0	0	0	0	0	0	0	0	0	0	0	0	0	0	0	0	0	0	0	0	0	0	0.679042332
"PHN11_Z1_2"	0.03851492	0.012838307	0.029840389	0.000693963	0.006592644	0.007980569	0.019083969	0.000346981	0.000346981	0.001387925	0.001734906	0.003469813	0.004163775	0	0.000346981	0.009368494	0.000346981	0.000346981	0.000346981	0	0	0.000346981	0.002081888	0	0.000346981	0.000693963	0.000346981	0	0.003469813	0	0	0	0	0.000346981	0.000693963	0	0	0	0	0	0	0	0	0	0	0	0	0	0	0	0	0	0	0	0	0	0	0	0	0	0	0	0	0	0	0	0	0	0	0	0	0	0	0	0	0	0	0	0	0	0	0	0	0	0	0	0	0.853920888
"PHN11_Z1_3"	0.129424011	0.013532269	0.06037474	0.002428869	0.017696044	0.007286607	0.029840389	0	0.000693963	0.009021513	0.003122831	0.004510756	0.004163775	0	0.018043026	0.006939625	0	0.000346981	0	0	0.000346981	0.001040944	0.005204719	0	0.014226232	0.001734906	0.001040944	0	0.005898681	0	0	0	0	0	0.001387925	0	0	0.000346981	0	0	0	0	0	0	0	0	0	0	0	0	0	0	0	0	0	0	0	0	0	0	0	0	0	0	0	0	0	0	0	0	0	0	0	0	0	0	0	0	0	0	0	0	0	0	0	0	0	0.661346287
"PHJ75_Z1_1"	0.074600972	0.009368494	0.045801527	0.000346981	0.000346981	0.0111034	0.010756419	0.000693963	0.000346981	0.015961138	0.001734906	0.004857738	0.003469813	0	0.004163775	0.003469813	0	0	0	0	0	0.002428869	0.002428869	0.000693963	0.000346981	0.001734906	0.001040944	0.000346981	0.001040944	0	0	0.000346981	0.000346981	0	0.001387925	0	0	0	0.000693963	0	0	0	0	0	0	0	0	0	0	0	0	0	0	0	0	0	0	0	0	0	0	0	0	0	0	0	0	0	0	0	0	0	0	0	0	0	0	0	0	0	0	0	0	0	0	0	0	0.800138793
"PHJ75_Z1_2"	0.109299098	0.016308119	0.059680777	0.000346981	0.001734906	0.018736988	0.018390007	0	0.000693963	0.017349063	0.000693963	0.005898681	0.003469813	0	0.000346981	0.001040944	0	0	0.00277585	0.000693963	0	0.005204719	0.001387925	0	0.001040944	0.000693963	0.002081888	0	0.001734906	0	0.000693963	0	0.004510756	0.001040944	0.003469813	0	0	0	0	0	0	0	0	0	0	0	0	0	0	0	0	0	0	0	0	0	0	0	0	0	0	0	0	0	0	0	0	0	0	0	0	0	0	0	0	0	0	0	0	0	0	0	0	0	0	0	0	0.720680083
"PHJ75_Z1_3"	0.077723803	0.016308119	0.069743234	0.148854962	0.015614157	0.048230396	0.031922276	0	0	0.010409438	0.001040944	0.007286607	0.035392089	0	0.018736988	0.006245663	0	0	0.001040944	0	0.000693963	0.000346981	0.000693963	0	0.000346981	0.000346981	0.000693963	0	0.001387925	0	0.001734906	0	0.004510756	0.002428869	0.001040944	0	0	0	0.000693963	0	0	0	0.000346981	0	0	0	0	0	0	0	0	0	0	0	0	0	0	0	0	0	0	0	0	0.000346981	0	0	0	0	0	0	0	0	0	0	0	0	0	0	0	0	0	0	0	0	0	0	0	0.495836225
"PHM10_Z1_1"	0.082581541	0.022206801	0.044760583	0.000346981	0.000693963	0.016308119	0.016655101	0.000693963	0.001040944	0.010756419	0.001040944	0.006245663	0.000693963	0	0.003122831	0.001734906	0.001734906	0	0.000693963	0	0	0.009021513	0.001387925	0	0.000693963	0.000693963	0.001040944	0	0	0	0	0.000693963	0.000346981	0	0.001387925	0	0	0	0	0	0	0	0.001387925	0	0	0	0	0	0	0	0	0	0	0	0	0	0	0	0	0	0	0	0	0	0	0	0	0	0	0	0	0	0	0	0	0	0	0	0	0	0	0	0	0	0	0	0	0.77203331
"PHM10_Z1_2"	0.095419847	0.013185288	0.063497571	0	0.009021513	0.071825121	0.015614157	0	0.023247745	0.021165857	0.001387925	0.004163775	0.003122831	0	0	0.001040944	0	0	0.001040944	0	0	0.001734906	0.002428869	0	0	0.004163775	0.000693963	0.000346981	0.000693963	0	0	0	0.000346981	0	0.002081888	0	0	0	0	0	0	0.000346981	0.000346981	0	0	0	0	0	0	0	0	0	0	0	0	0	0	0	0	0	0	0	0	0	0	0	0	0	0	0	0	0	0	0	0	0	0	0	0	0	0	0	0	0	0	0	0	0.663081194
"PHM10_Z1_3"	0.204718945	0.057945871	0.134281749	0.05759889	0	0.056557946	0.042678695	0.001734906	0.000346981	0.015614157	0.005898681	0.014920194	0.009715475	0	0.007980569	0.007633588	0	0	0.001734906	0.001387925	0	0.003122831	0.002428869	0	0.000693963	0.003122831	0.002428869	0	0	0	0	0	0.000346981	0.000693963	0.002081888	0	0	0	0	0	0	0	0	0	0	0	0	0	0	0	0	0	0	0	0	0	0	0	0	0	0	0	0	0	0	0	0	0	0	0	0	0	0	0	0	0	0	0	0	0	0	0	0	0	0	0	0	0.364330326
"LH205_Z1_1"	0.049618321	0.073907009	0.051700208	0.000346981	0.009021513	0.004510756	0.009715475	0	0	0.010756419	0.000693963	0.002081888	0.002081888	0	0.000346981	0.001387925	0	0	0.001040944	0	0	0.001040944	0.002428869	0.001040944	0.000346981	0.001734906	0.000346981	0	0	0	0	0	0.001040944	0.000346981	0.001387925	0	0	0	0	0	0	0	0	0	0	0	0	0	0	0	0	0	0	0	0	0	0	0	0	0	0	0	0	0	0	0	0	0	0	0	0	0	0	0	0	0	0	0	0	0	0	0	0	0	0	0	0	0.773074254
"LH205_Z1_2"	0.006939625	0.020818876	0.092297016	0	0.005898681	0.189798751	0.006939625	0.00277585	0	0.000693963	0.029493407	0	0	0	0	0.023594726	0.004857738	0	0	0.000346981	0.002428869	0.036086051	0.023594726	0.022206801	0.019777932	0	0.008674532	0	0.00277585	0	0	0.000346981	0	0	0	0	0	0.000346981	0.000693963	0	0	0	0.001040944	0	0	0	0	0	0	0	0	0	0	0	0	0	0	0	0.000346981	0	0	0	0	0	0	0	0	0	0	0	0	0	0	0	0	0	0	0	0	0	0	0	0	0	0	0	0	0.49722415
"LH205_Z1_3"	0.289035392	0.017696044	0.099583622	0.001387925	0	0.014226232	0.028799445	0	0	0.026023595	0.003122831	0.007633588	0.001040944	0	0.002081888	0.000693963	0	0	0.001387925	0	0	0.00277585	0.001387925	0	0	0.00277585	0.002081888	0	0.001040944	0	0	0	0	0	0.001040944	0	0	0	0	0	0	0	0	0	0	0	0	0	0	0	0	0	0	0	0	0	0	0	0	0	0	0	0	0	0	0	0	0	0	0	0	0	0	0	0	0	0	0	0	0	0	0	0	0	0	0	0	0.496183206
"PHW51_Z1_1"	0.072172103	0.038861901	0.446217904	0.069743234	0.009021513	0.02185982	0.010062457	0.001040944	0	0.018736988	0.001734906	0.003122831	0.0055517	0	0.005204719	0.001040944	0	0.000346981	0.001387925	0	0.000346981	0.004163775	0.003469813	0.001387925	0	0.002428869	0.001734906	0	0.001734906	0.000693963	0.000693963	0.000346981	0.007980569	0.000346981	0.002081888	0	0	0	0	0	0	0.000346981	0	0	0	0	0	0	0	0	0	0	0	0	0.000693963	0	0	0	0	0	0	0	0	0	0	0	0	0	0	0	0	0	0	0	0	0	0	0	0	0	0	0	0	0	0	0	0	0.265440666
"PHW51_Z1_2"	0.20055517	0.118667592	0.167938931	0.0055517	0.032269257	0.055170021	0.069743234	0.000693963	0.000346981	0.018043026	0.004163775	0.025676613	0.005204719	0	0.001387925	0.0055517	0.001040944	0	0.002428869	0	0	0.007633588	0.002428869	0.000693963	0.000346981	0.000693963	0.001734906	0	0	0	0	0.000346981	0	0.000693963	0.0055517	0	0	0	0.000693963	0	0	0.000346981	0	0	0	0	0	0	0	0	0	0	0	0	0	0	0	0	0	0	0	0	0	0	0	0	0	0	0	0	0	0	0	0	0	0	0	0	0	0	0	0	0	0	0	0	0	0.264399722
"PHW51_Z1_3"	0.044760583	0.033310201	0.159611381	0.14295628	0.004163775	0.019083969	0.098542679	0	0.000346981	0.0111034	0.006245663	0.014920194	0.014226232	0.001040944	0.010409438	0.003469813	0.001040944	0	0.002081888	0.000346981	0	0.010756419	0.002428869	0	0.000346981	0.003469813	0.001734906	0	0.003816794	0	0	0	0	0	0.005898681	0	0	0	0	0	0	0	0	0	0	0	0	0	0	0.000693963	0	0	0	0	0	0	0	0	0	0	0	0	0	0	0	0	0	0	0	0	0	0	0	0	0	0	0	0	0	0	0	0	0	0	0	0	0	0.403192228
"B73_Z1_1"	0.175572519	0.044413602	0.135322693	0.009021513	0.000346981	0.028105482	0.026023595	0.001734906	0.001040944	0.017696044	0.003122831	0.011450382	0.002081888	0	0.001040944	0.0055517	0	0	0.007633588	0	0.001387925	0.002428869	0.003816794	0	0	0.000693963	0.00277585	0	0.001040944	0.003469813	0	0	0	0	0.003816794	0	0	0	0	0	0	0	0	0	0	0	0	0	0	0	0	0	0	0	0	0	0	0	0	0	0	0	0	0	0	0	0	0	0	0	0	0	0	0	0	0	0	0	0	0	0	0	0	0	0	0	0	0.510409438
"B73_Z1_2"	0.176613463	0.042678695	0.21165857	0.006245663	0.020124913	0.022206801	0.026717557	0.0111034	0	0.034004164	0.00277585	0.0111034	0.002081888	0	0.028105482	0.001734906	0	0.000346981	0.0055517	0	0.000693963	0.019430951	0.004163775	0.000346981	0.000693963	0.013532269	0.012144344	0.000346981	0.000693963	0	0	0	0.000693963	0	0.00832755	0	0	0	0	0	0	0	0.000346981	0.001387925	0	0	0	0	0	0	0	0	0	0	0	0	0	0	0	0	0	0	0	0	0	0	0	0	0	0	0	0	0	0	0	0	0	0	0	0	0	0	0	0	0	0	0	0.334142956
"B73_Z1_3"	0.081540597	0.070090215	0.092297016	0.000346981	0.003816794	0.051700208	0.06315059	0.006939625	0.001040944	0.014226232	0.00277585	0.012491325	0.009715475	0	0.001734906	0.014573213	0	0	0.001040944	0.000346981	0.000346981	0.000693963	0.006592644	0	0	0.004163775	0.001387925	0.002428869	0	0	0	0	0.007286607	0.001387925	0.004510756	0	0	0	0	0.000346981	0	0	0	0	0	0	0	0	0.000346981	0	0	0	0	0	0	0	0	0	0	0	0	0	0	0	0	0	0	0	0	0	0	0	0	0	0	0	0	0	0	0	0	0	0	0	0	0	0	0.542678695
"A632_Z1_1"	0.213740458	0.035045108	0.109299098	0.002081888	0.000346981	0.015961138	0.039208883	0.001387925	0.09333796	0.028452464	0.004163775	0.017002082	0.004510756	0.071131159	0.060721721	0.001734906	0	0	0.001387925	0	0	0.005204719	0.003122831	0	0.001040944	0.003469813	0.000346981	0.000346981	0.000346981	0	0.001040944	0	0.001734906	0.002081888	0.008674532	0	0	0	0	0	0	0	0	0	0	0	0	0	0.000346981	0	0	0	0	0	0	0	0	0	0	0	0	0	0	0	0	0	0	0	0	0	0	0	0	0	0	0	0	0	0	0	0	0	0	0	0	0	0	0.272727273
"A632_Z1_2"	0.139486468	0.020818876	0.231089521	0.005898681	0.037126995	0.105135323	0.051700208	0	0	0.02463567	0.002428869	0.021165857	0.002428869	0	0.019777932	0.001040944	0	0	0.002081888	0	0.000346981	0.003122831	0.003469813	0	0	0.002081888	0.00277585	0	0	0	0	0	0.002428869	0.001734906	0.002081888	0	0	0	0	0	0	0	0	0	0	0	0	0	0	0.001040944	0	0	0	0	0	0	0	0	0	0	0	0	0	0	0	0	0	0	0	0	0	0	0	0	0	0	0	0	0	0	0	0	0	0	0	0	0	0.316099931
"A632_Z1_3"	0.180777238	0.017002082	0.06870229	0.004163775	0.000693963	0.022900763	0.07147814	0.000346981	0	0.011797363	0.003469813	0.0055517	0.007980569	0.000693963	0.04129077	0.001387925	0	0.000346981	0	0	0.001734906	0.002428869	0.003122831	0.001387925	0.004163775	0.005898681	0	0	0	0.000346981	0	0	0.000346981	0	0.002081888	0	0	0	0	0	0	0	0	0	0	0	0	0	0	0	0	0	0	0	0	0	0.000346981	0	0	0	0	0	0	0	0	0	0	0	0	0	0	0	0	0	0	0	0	0	0	0	0	0	0	0	0	0	0	0.539555864
"Mo17_Z1_1"	0.110340042	0.018390007	0.058292852	0.001734906	0	0.023941707	0.024982651	0.001387925	0.001040944	0.010409438	0.001734906	0.009021513	0.004510756	0	0.001040944	0.002428869	0	0	0.001387925	0	0	0.000346981	0.003469813	0	0	0	0.001734906	0	0	0.000693963	0.003469813	0.001734906	0.001387925	0.000346981	0.012491325	0	0	0	0	0	0	0	0	0	0	0.000346981	0	0	0	0	0	0	0	0	0	0	0	0	0	0	0	0	0	0	0	0	0	0	0	0	0	0	0	0	0	0	0	0	0	0	0	0	0	0	0	0	0	0.70333102
"Mo17_Z1_2"	0.118667592	0.051353227	0.194656489	0.000693963	0.316446912	0.014573213	0.095419847	0	0	0.007980569	0.000693963	0.004510756	0.002081888	0	0.000693963	0.001387925	0	0	0.001387925	0	0	0.000346981	0.002081888	0.003816794	0.001734906	0.000693963	0.000693963	0	0	0	0	0	0.000346981	0.000346981	0.000346981	0	0	0	0	0	0	0	0	0	0	0	0	0	0	0	0	0	0	0	0	0	0	0	0	0	0	0	0	0	0	0	0	0	0	0	0	0	0	0	0	0	0	0	0	0	0	0	0	0	0	0	0	0.179042332
"Mo17_Z1_3"	0.172102706	0.120055517	0.149895906	0	0.051006246	0.0111034	0.037126995	0.000346981	0.001040944	0.050659264	0.002081888	0.005898681	0.002081888	0	0.000693963	0.000693963	0	0	0.001387925	0	0	0.001040944	0.003469813	0.000346981	0	0.004857738	0.002081888	0	0.001387925	0	0	0	0.000346981	0.000693963	0.001040944	0	0	0	0	0	0	0	0	0	0	0	0	0	0	0	0	0	0	0	0	0	0	0	0	0	0	0	0	0	0	0	0	0	0	0	0	0	0	0	0	0	0	0	0	0	0	0	0	0	0	0	0	0.378556558
"LH51_Z1_1"	0.329979181	0.015961138	0.137751561	0	0.020471895	0.011797363	0.039902845	0	0.002428869	0.036086051	0.002081888	0.007980569	0.00277585	0	0.004510756	0.00277585	0	0	0.000693963	0	0	0.001387925	0.001734906	0	0.001040944	0.004163775	0.001734906	0	0.000693963	0.000693963	0	0	0	0.000693963	0.001734906	0	0	0	0	0	0	0	0.000693963	0	0	0	0	0	0	0	0	0	0	0	0	0	0	0	0	0	0	0	0	0	0	0	0	0	0	0	0	0	0	0	0	0	0	0	0	0	0	0	0	0	0	0	0	0.370229008
"LH51_Z1_2"	0.216516308	0.014226232	0.091603053	0.000693963	0.009715475	0.015267176	0.034698126	0	0.000346981	0.013879251	0.001040944	0.006939625	0.004857738	0.000346981	0.002428869	0.004857738	0	0	0.000693963	0	0	0.000693963	0.00277585	0	0.000346981	0.002428869	0.001040944	0	0.000693963	0.003816794	0.004510756	0.002428869	0.003816794	0.002428869	0.003816794	0	0.000346981	0	0	0	0	0	0.000693963	0	0	0	0	0	0	0	0	0	0	0	0	0	0	0	0	0	0	0	0	0	0	0	0	0	0	0	0	0	0	0	0	0	0	0	0	0	0	0	0	0	0	0	0	0.552047189
"LH51_Z1_3"	0.189104788	0.019430951	0.138098543	0.00277585	0.000693963	0.019083969	0.040943789	0.003122831	0	0.032269257	0.005204719	0.00832755	0.004510756	0.000693963	0.001040944	0.001040944	0	0	0.003816794	0	0.001387925	0.000693963	0.003469813	0.000693963	0	0.001040944	0.005204719	0	0.000693963	0	0	0.000346981	0	0	0.001734906	0	0	0	0	0	0	0	0.001387925	0	0	0	0	0	0	0	0	0	0	0	0	0	0	0	0	0	0	0	0	0	0	0	0	0	0	0	0	0	0	0	0	0	0	0	0	0	0	0	0	0	0	0	0	0.513185288
"LH52_Z1_1"	0.082928522	0.00832755	0.053782096	0.002081888	0.000346981	0.007980569	0.011450382	0.000346981	0.059680777	0.007286607	0.005898681	0.002081888	0.001040944	0	0	0.000693963	0	0	0.002081888	0	0	0.000346981	0.002428869	0.000346981	0	0	0.000693963	0	0.000346981	0	0	0.000346981	0	0	0.001040944	0	0	0	0	0	0	0	0	0	0	0	0	0	0	0	0	0	0	0	0	0	0	0	0	0	0	0	0	0	0	0	0	0	0	0	0	0	0	0	0	0	0	0	0	0	0	0	0	0	0	0	0	0.748438584
"LH52_Z1_2"	0.155447606	0.013879251	0.046842471	0	0.00832755	0.003469813	0.018390007	0	0	0.009021513	0.001387925	0.004163775	0.002081888	0	0.001040944	0.001040944	0	0	0.001040944	0	0	0.002081888	0.002428869	0	0.000346981	0.000693963	0.001387925	0	0.000693963	0	0	0	0.000346981	0	0.001040944	0	0	0	0	0	0	0	0	0	0	0	0	0	0	0	0	0	0	0	0	0	0	0	0	0	0	0	0	0	0	0	0	0	0	0	0	0	0	0	0	0	0	0	0	0	0	0	0	0	0	0	0	0.724843858
"LH52_Z1_3"	0.146773074	0.14018043	0.130117974	0.001734906	0.177654407	0.013185288	0.022900763	0.001040944	0.002428869	0.012144344	0.001734906	0.009368494	0.003816794	0	0.004510756	0.000693963	0.000346981	0.000346981	0.001040944	0	0	0.000693963	0.006939625	0	0	0.001734906	0.000693963	0.009021513	0	0	0	0	0.000346981	0.000693963	0.001734906	0	0	0	0	0	0	0	0	0	0	0	0	0	0	0	0	0	0	0	0	0	0	0	0	0	0	0	0	0	0	0	0	0	0	0	0	0	0	0	0	0	0	0	0	0	0	0	0	0	0	0	0	0.308119362
"E8501_Z1_1"	0.060027759	0.00832755	0.03296322	0.004510756	0.001040944	0.011450382	0.026717557	0.000693963	0.000693963	0.0055517	0.000346981	0.004857738	0.00832755	0	0.004857738	0.000693963	0	0	0.001040944	0	0	0.000693963	0.001387925	0	0.000693963	0.000346981	0.001387925	0	0	0	0	0	0	0	0.001387925	0	0	0	0	0	0	0.000693963	0	0	0	0	0	0	0	0	0	0	0	0	0	0	0	0	0	0	0	0	0	0	0	0	0	0	0	0	0	0	0	0	0	0	0	0	0	0	0	0	0	0	0	0	0	0.82130465
"E8501_Z1_2"	0.198126301	0.010409438	0.083275503	0.000693963	0.014573213	0.008674532	0.024288688	0	0.054129077	0.017349063	0.001387925	0.003816794	0.002081888	0	0.000346981	0.003816794	0	0	0.001734906	0.001387925	0	0.003816794	0.000346981	0.000346981	0.000346981	0.002081888	0.00277585	0	0	0	0	0.000346981	0	0.000346981	0.001040944	0	0	0	0	0	0	0	0	0	0.000346981	0	0	0	0	0	0	0	0	0	0	0	0	0	0	0	0	0	0	0	0	0	0	0	0	0	0	0	0	0	0	0	0	0	0	0	0	0	0	0	0	0	0	0.562109646
"E8501_Z1_3"	0.158917418	0.031575295	0.100624566	0.00277585	0.001387925	0.098542679	0.059680777	0.001387925	0	0.031575295	0.003469813	0.007633588	0.034698126	0	0.001734906	0.001734906	0	0.001734906	0.001040944	0	0	0.00277585	0.001734906	0	0.000693963	0.003122831	0.001040944	0	0.001387925	0.000693963	0	0	0.000693963	0.00832755	0.00277585	0	0	0	0	0	0.000693963	0	0.000346981	0	0	0	0	0	0	0	0	0	0	0	0	0	0	0	0	0	0	0	0	0	0	0	0	0	0	0	0	0	0	0	0	0	0	0	0	0	0	0	0	0	0	0	0	0.437196391
"LH93_Z1_1"	0.205412908	0.072866065	0.188757807	0	0.032269257	0.012491325	0.022206801	0.000693963	0	0.033657183	0.003816794	0.072519084	0.00277585	0.000693963	0.002081888	0.001387925	0	0	0.001734906	0.000693963	0.000346981	0.000693963	0.002428869	0	0.000693963	0.006592644	0.009021513	0	0	0	0.002081888	0	0.000693963	0.003469813	0.00277585	0	0	0	0	0	0	0	0.000346981	0	0.000346981	0	0	0	0	0	0	0	0	0	0	0	0	0	0	0	0	0	0	0	0	0	0	0	0	0	0	0	0	0	0	0	0	0	0	0	0	0	0	0	0	0	0	0.316446912
"LH93_Z1_2"	0.163428175	0.052394171	0.118320611	0.000693963	0.040596808	0.020818876	0.066620402	0.00277585	0.000346981	0.02185982	0.0055517	0.004510756	0.002428869	0	0	0.006592644	0	0	0.00277585	0.000693963	0	0	0.001734906	0.000346981	0.000346981	0.001040944	0.00277585	0	0.001387925	0	0.000346981	0	0.005204719	0.00277585	0.000693963	0	0	0	0	0	0	0	0.000346981	0	0	0	0	0	0.000346981	0	0	0	0	0	0	0	0	0	0	0	0	0	0	0	0	0	0	0	0	0	0	0	0	0	0	0	0	0	0	0	0	0	0	0	0	0	0	0.472241499
"LH93_Z1_3"	0.194309507	0.106523248	0.117973629	0.001734906	0.002081888	0.020471895	0.049965302	0.001734906	0	0.017002082	0.003122831	0.015267176	0.00277585	0	0.000346981	0.003816794	0	0	0.000346981	0	0	0	0.005204719	0.000346981	0.001040944	0.00277585	0.001387925	0	0.000346981	0	0.000346981	0	0.001734906	0.001387925	0.001387925	0	0	0	0	0	0	0	0	0	0	0	0	0	0	0	0	0	0.000346981	0	0	0	0	0	0	0	0	0	0	0	0	0	0	0	0	0	0	0	0	0	0	0	0	0	0	0	0	0	0	0	0	0	0	0.446217904
"PHJ31_Z1_1"	0.106870229	0.018736988	0.116585704	0.020471895	0.000346981	0.018043026	0.066967384	0	0.001040944	0.009368494	0.003122831	0.024982651	0.004163775	0.000346981	0.009715475	0.003469813	0.000346981	0.000693963	0.001734906	0.000346981	0.000693963	0.000346981	0.003122831	0	0	0.001734906	0.000346981	0	0	0	0.000346981	0.000346981	0.000693963	0.001734906	0.007980569	0	0	0	0	0	0	0.000346981	0	0	0	0	0	0	0	0	0	0	0	0	0	0	0	0	0	0	0	0	0	0	0	0	0	0	0	0	0	0	0	0	0	0	0	0	0	0	0	0	0	0	0	0	0	0.574947953
"PHJ31_Z1_2"	0.118667592	0.090909091	0.286953505	0.004163775	0.019083969	0.028105482	0.027758501	0.000346981	0	0.009368494	0.004163775	0.02463567	0.006245663	0	0.001040944	0.004857738	0.001040944	0.000346981	0.002428869	0.00277585	0	0.002081888	0.003122831	0.000693963	0	0.007633588	0.001040944	0.000693963	0.000346981	0	0.000346981	0	0.005204719	0.003469813	0.001387925	0	0	0	0.000346981	0	0	0	0	0	0	0	0	0	0	0	0	0	0	0	0	0	0	0	0	0	0	0	0	0	0	0	0	0	0	0	0	0	0	0	0	0	0	0	0	0	0	0	0	0	0	0	0	0.3407356
"PHJ31_Z1_3"	0.131505899	0.005898681	0.027064539	0.001734906	0.001734906	0.006939625	0.017349063	0.000693963	0	0.003469813	0.000693963	0.001734906	0.002081888	0	0.002081888	0.001734906	0	0.000346981	0.000346981	0	0	0	0.001387925	0	0	0.000693963	0.000693963	0	0.001040944	0	0	0.000346981	0	0	0.001040944	0	0	0	0.000346981	0	0	0	0	0	0	0	0	0	0	0	0	0	0	0	0	0	0	0	0	0	0	0	0	0	0	0	0	0	0	0	0	0	0	0	0	0	0	0	0	0	0	0	0	0	0	0	0	0.789035392
"PHW20_Z1_1"	0.167244969	0.051700208	0.250867453	0.000693963	0.064191534	0.048577377	0.033310201	0	0	0.009021513	0.00277585	0.006245663	0.00277585	0.000346981	0.006592644	0.009021513	0	0	0.002428869	0	0.000346981	0.018736988	0.002428869	0	0.002428869	0.019430951	0.001387925	0	0.000346981	0	0	0.000346981	0	0.000346981	0.001734906	0	0	0	0	0	0	0	0.000346981	0	0	0	0	0	0	0	0	0	0	0	0	0	0	0	0	0	0	0	0	0	0	0	0	0	0	0	0	0	0	0	0	0	0	0	0	0	0	0	0	0	0	0	0	0.296321999
"PHW20_Z1_2"	0.076335878	0.006592644	0.030534351	0.000346981	0.012838307	0.009368494	0.015267176	0.000346981	0.000346981	0.004163775	0.000346981	0.004163775	0.003816794	0	0.001387925	0.004163775	0	0	0.000346981	0	0	0.000346981	0.001040944	0	0.001040944	0.000346981	0.000346981	0.000346981	0	0.000693963	0	0	0	0	0.001040944	0	0	0	0	0	0	0	0	0	0	0	0	0	0	0	0	0	0	0	0	0	0	0	0	0	0	0	0	0	0	0	0	0	0	0	0	0	0	0	0	0	0	0	0	0	0	0	0	0	0	0	0	0.824427481
"PHW20_Z1_3"	0.275156142	0.053782096	0.244274809	0.006939625	0.010756419	0.056904927	0.040943789	0.000346981	0.000346981	0.038167939	0.002081888	0.0055517	0.006592644	0.000346981	0.004510756	0.002428869	0.000693963	0.000346981	0.001734906	0	0.000346981	0.001040944	0.001387925	0.000693963	0.000346981	0.002081888	0.001734906	0	0.001040944	0	0.000693963	0.000346981	0.001734906	0.001734906	0.002081888	0	0	0	0	0	0	0	0.000346981	0	0	0	0	0	0	0	0	0	0	0	0	0	0	0	0	0	0	0	0	0	0	0	0	0	0	0	0	0	0	0	0	0	0	0	0	0	0	0	0	0	0	0	0	0.232477446
"W64A_Z1_1"	0.060721721	0.014920194	0.045801527	0.00277585	0.009368494	0.018043026	0.013532269	0	0.001040944	0.009715475	0.001734906	0.001734906	0.010409438	0	0.001387925	0.003816794	0	0	0	0	0	0.000693963	0.001734906	0	0	0.001387925	0.000693963	0	0	0	0	0.000346981	0	0	0.002081888	0	0	0	0	0	0	0	0	0	0	0	0	0	0	0	0	0	0	0	0	0	0	0	0	0	0	0	0	0	0	0	0	0	0	0	0	0	0	0	0	0	0	0	0	0	0	0	0	0	0	0	0	0.798056905
"W64A_Z1_2"	0.140874393	0.018736988	0.094031922	0.000693963	0.031575295	0.056904927	0.031228314	0	0.002428869	0.012838307	0.000693963	0.00277585	0.004510756	0	0.005204719	0.001387925	0	0	0.001387925	0	0	0	0.004163775	0.001040944	0.000346981	0.001040944	0.001387925	0	0.000693963	0	0.001387925	0.014920194	0.00277585	0.003122831	0.007286607	0	0	0	0	0	0	0	0.000346981	0	0	0	0	0	0	0	0	0	0	0	0	0	0	0	0	0	0	0	0	0	0	0	0	0	0	0	0	0	0	0	0	0	0	0	0	0	0	0	0	0	0	0	0	0.556210965
"W64A_Z1_3"	0.223455933	0.03018737	0.085010409	0.001387925	0.000693963	0.034004164	0.04129077	0.002428869	0	0.017002082	0.004163775	0.006939625	0.006245663	0	0.002428869	0.005204719	0	0	0.00277585	0.000693963	0	0.013185288	0.005898681	0.000346981	0.002428869	0.000693963	0.002081888	0	0.000346981	0.000346981	0	0	0.001387925	0.004857738	0.003122831	0	0	0	0	0	0.00277585	0	0	0.000346981	0	0	0	0	0	0	0	0	0	0	0	0.000346981	0.000346981	0	0	0	0	0	0	0	0	0	0	0	0	0	0	0	0	0	0	0	0	0	0	0	0	0	0	0	0	0	0	0.497571131
"LH38_Z2_1"	0.13462873	0.011450382	0.058986815	0.001387925	0.001734906	0.011797363	0.019430951	0	0.018043026	0.019083969	0.001387925	0.004510756	0.00277585	0	0.003816794	0.003122831	0	0.000693963	0.001040944	0	0	0.009021513	0.003816794	0	0	0.003469813	0.000693963	0	0	0	0.004163775	0.001387925	0	0.001734906	0.000346981	0	0	0.000693963	0	0	0	0	0	0	0	0	0	0	0	0	0	0	0	0	0	0	0	0	0	0	0	0	0	0	0	0	0	0	0	0	0	0	0	0	0	0	0	0	0	0	0	0	0	0	0	0	0	0.680777238
"LH38_Z2_2"	0.20055517	0.052047189	0.10444136	0.000346981	0.075988897	0.03573907	0.032269257	0.000346981	0.001040944	0.012491325	0.003469813	0.012144344	0.005898681	0	0.000346981	0.003816794	0	0	0.003816794	0	0	0	0.0111034	0	0.001040944	0.004163775	0.003816794	0	0.001040944	0	0.004510756	0.000346981	0.004857738	0.012838307	0.006592644	0	0	0	0	0	0	0	0	0	0	0	0.000346981	0	0	0	0	0	0	0	0	0	0	0	0	0	0	0	0	0	0	0	0.000346981	0	0	0	0	0	0	0	0	0	0	0	0	0	0	0	0	0	0	0	0	0.404233171
"LH38_Z2_3"	0.235600278	0.009368494	0.030881332	0.028105482	0.011797363	0.009368494	0.017349063	0	0.001040944	0.0055517	0.000346981	0.003122831	0.002081888	0	0.006939625	0.000346981	0	0	0.000346981	0	0	0.000693963	0.001387925	0	0	0.000346981	0	0	0.001387925	0	0.001734906	0	0.000346981	0.001040944	0.001040944	0	0	0	0	0	0	0	0.000693963	0	0	0	0	0	0	0	0	0	0	0	0	0	0	0	0	0	0	0	0	0	0	0	0	0	0	0	0	0	0	0	0	0	0	0	0	0	0	0	0	0	0	0	0	0.62907703
"LH39_Z2_1"	0.099930604	0.016308119	0.092297016	0.001040944	0.001734906	0.020124913	0.022900763	0.003122831	0.000693963	0.006592644	0.003122831	0.010062457	0.0111034	0	0.007286607	0.004857738	0	0.001040944	0.001387925	0	0.000346981	0.013185288	0.002428869	0.000346981	0.000346981	0.007633588	0.002428869	0	0.003469813	0	0	0.000693963	0	0.000346981	0.00277585	0	0	0	0	0	0	0	0	0	0	0	0	0	0	0	0	0	0	0.000693963	0	0	0.000346981	0	0	0	0	0	0	0	0	0	0	0	0	0	0	0	0	0	0	0	0	0	0	0	0	0	0	0	0	0	0	0.661346287
"LH39_Z2_2"	0.069396253	0.015961138	0.045454545	0.000346981	0.004163775	0.012144344	0.015614157	0.000693963	0.002081888	0.004857738	0.001040944	0.001387925	0.012838307	0	0.001387925	0.004163775	0.000346981	0	0.00277585	0	0	0.001040944	0.001387925	0.000346981	0	0.001387925	0.001040944	0.006939625	0.001387925	0	0	0.001040944	0	0	0.003816794	0	0	0	0.000693963	0.001040944	0	0	0	0	0	0	0.000346981	0	0	0	0	0	0	0.000346981	0	0	0	0	0	0	0	0	0	0	0	0	0	0	0	0	0	0	0	0	0	0	0	0	0	0	0	0	0	0	0	0	0	0.784524636
"LH39_Z2_3"	0.230395559	0.047536433	0.14573213	0.002428869	0.018043026	0.012838307	0.02463567	0	0	0.018390007	0.001040944	0.014226232	0.001040944	0	0.021165857	0.001387925	0	0	0.0055517	0.001040944	0.000346981	0.0111034	0.001387925	0	0	0.001734906	0.003469813	0	0	0	0	0.000346981	0.000693963	0.002428869	0.001387925	0	0	0	0	0	0	0	0	0	0	0	0	0	0.000346981	0	0	0	0	0	0	0	0	0	0	0	0	0	0	0	0	0	0	0	0	0	0	0	0	0	0	0	0	0	0	0	0	0	0	0	0	0	0	0.43129771
"78371A_Z2_1"	0.049271339	0.010409438	0.048924358	0	0.00277585	0.013879251	0.017002082	0.004857738	0.001387925	0.007633588	0.000693963	0.000346981	0.004510756	0	0.000346981	0.001734906	0	0	0.001387925	0	0.000346981	0.000693963	0.002428869	0	0.000346981	0	0.002081888	0	0.001040944	0.000693963	0	0.000346981	0	0	0.001387925	0	0	0	0	0	0	0	0.000346981	0	0	0	0	0	0	0	0	0	0	0	0	0	0	0	0	0	0	0	0	0	0	0	0	0	0	0	0	0	0	0	0	0	0	0	0	0	0	0	0	0	0	0	0	0.825121443
"78371A_Z2_2"	0.030534351	0.007980569	0.026717557	0.006245663	0.012144344	0.010756419	0.017349063	0	0.070090215	0.003469813	0.001040944	0.002081888	0.004510756	0	0.000346981	0.002081888	0	0	0	0	0	0.000346981	0.001387925	0	0.000346981	0.001040944	0.000346981	0	0.001040944	0	0.000346981	0.000346981	0.002428869	0.002081888	0.002081888	0	0	0	0	0	0	0	0	0	0	0	0	0	0	0	0	0	0	0	0	0	0	0	0	0	0	0	0	0	0	0	0	0	0	0	0	0	0	0	0	0	0	0	0	0	0	0	0	0	0	0	0	0.792852186
"78371A_Z2_3"	0.084663428	0.03018737	0.043025677	0.000693963	0.004857738	0.018736988	0.034004164	0.000693963	0.001040944	0.004857738	0.001040944	0.004510756	0.0055517	0	0.001040944	0.002428869	0	0.000346981	0.000693963	0	0.001734906	0.000346981	0.003469813	0.000346981	0.000693963	0.000693963	0.000693963	0	0	0	0	0.002428869	0	0.000693963	0.011797363	0	0	0	0	0	0	0	0.000346981	0	0	0	0	0	0	0	0	0	0	0	0	0	0	0	0	0	0	0	0.000346981	0	0	0	0	0	0	0	0	0	0	0	0	0	0	0	0	0	0	0	0	0	0	0	0	0.738029146
"787_Z2_1"	0.232477446	0.010409438	0.118320611	0.002081888	0.014573213	0.06870229	0.072866065	0	0.058292852	0.011797363	0.005898681	0.004857738	0.013532269	0.000346981	0.001387925	0.004163775	0	0.005204719	0.001387925	0.011797363	0.037126995	0.006939625	0.007286607	0.001040944	0.000346981	0.003469813	0.001040944	0.000346981	0.000693963	0.000346981	0.00832755	0	0.004857738	0.001040944	0.003469813	0	0	0	0	0	0	0	0	0	0	0	0	0	0	0	0	0	0	0	0	0	0	0	0	0	0	0	0	0	0	0	0	0	0	0	0	0	0	0	0	0	0	0	0	0	0	0	0	0	0	0	0	0.285565579
"787_Z2_2"	0.117973629	0.105135323	0.077376822	0	0.018736988	0.049618321	0.052741152	0.015614157	0.015267176	0.007633588	0.003469813	0.006939625	0.011797363	0	0.001387925	0.019083969	0.005898681	0	0	0.000346981	0.002081888	0.001387925	0.007286607	0	0.000693963	0.005204719	0.001040944	0	0.000693963	0.000346981	0	0	0	0	0.001734906	0	0	0.000346981	0.001040944	0	0	0	0	0	0	0	0	0	0	0	0	0	0	0.000693963	0	0	0	0	0	0	0	0	0	0	0	0	0	0	0	0	0	0	0	0	0	0	0	0	0	0	0	0	0	0	0	0	0	0.468424705
"787_Z2_3"	0.099930604	0.476752255	0.036433033	0.000346981	0	0.014226232	0.037473976	0.000346981	0.023594726	0.004857738	0.001734906	0.001040944	0.001040944	0	0.004163775	0	0	0	0.000346981	0	0	0.011797363	0.004857738	0.000346981	0	0.001040944	0	0	0.001734906	0	0	0.000346981	0.000346981	0	0.001387925	0	0	0	0	0	0	0	0	0	0	0	0	0	0	0	0	0	0	0	0	0	0	0	0	0	0	0	0	0	0	0	0	0	0	0	0	0	0	0	0	0	0	0	0	0	0	0	0	0	0	0	0	0.275850104
"IB014_Z2_1"	0.097501735	0.055517002	0.082928522	0.000693963	0	0.034004164	0.02185982	0.012838307	0.001040944	0.009021513	0.00277585	0.007633588	0.008674532	0	0.000346981	0.002081888	0.006245663	0	0.001734906	0	0.000346981	0.001387925	0.00277585	0	0	0.002081888	0.000693963	0	0	0	0	0	0.000346981	0.001040944	0.001734906	0	0	0	0	0	0.000693963	0	0	0	0	0	0	0	0	0	0	0	0	0	0	0	0	0	0	0	0	0	0	0	0	0	0	0	0	0	0	0	0	0	0	0	0	0	0	0	0	0	0	0	0	0	0	0.643997224
"IB014_Z2_2"	0.048577377	0.010756419	0.076335878	0.014920194	0.009715475	0.024288688	0.022900763	0.000346981	0.000346981	0.002428869	0.003469813	0.009715475	0.013532269	0	0.001734906	0.004163775	0	0	0.001040944	0	0	0.001734906	0.003469813	0.000346981	0	0.000693963	0	0	0	0	0	0.002081888	0.000346981	0.000346981	0.003469813	0	0	0	0	0	0	0	0	0	0	0	0.001040944	0	0	0	0	0	0	0	0	0	0	0	0	0	0	0	0	0	0	0	0	0	0	0	0	0	0	0	0	0	0	0	0	0	0	0	0	0	0	0	0	0.742192922
"IB014_Z2_3"	0.113809854	0.150589868	0.181471201	0.000693963	0.022206801	0.032616239	0.026717557	0.000346981	0	0.054476058	0.002081888	0.006592644	0.003122831	0	0.001040944	0.001734906	0	0.012144344	0.001734906	0	0	0.001734906	0.002428869	0.001040944	0.001040944	0.002428869	0.001040944	0	0.000346981	0.000693963	0	0.000693963	0	0.000346981	0.003469813	0	0	0.000346981	0.000346981	0.000346981	0	0	0.000693963	0	0	0	0	0	0	0	0	0	0	0	0	0	0	0	0	0	0	0	0	0	0	0	0	0	0	0	0	0	0	0	0	0	0	0	0	0	0	0	0	0	0	0	0	0.371616933
"PHN11_Z2_1"	0.101318529	0.007980569	0.035392089	0.001040944	0.000693963	0.039208883	0.012491325	0	0.001387925	0.010409438	0.000693963	0.001734906	0.003469813	0	0	0.001387925	0.000346981	0.000346981	0.001387925	0	0.000346981	0.001387925	0.001387925	0	0	0.000346981	0.000693963	0	0	0	0.014226232	0.000693963	0.004163775	0.000346981	0.002081888	0	0	0	0	0	0	0	0	0	0	0	0	0	0	0.000346981	0	0	0	0.000346981	0	0	0	0	0	0	0	0	0	0	0	0	0	0	0	0	0	0	0	0	0	0	0	0	0	0	0	0	0	0	0	0	0	0.754337266
"PHN11_Z2_2"	0.132893824	0.03018737	0.118667592	0.000346981	0.012491325	0.05482304	0.038861901	0	0.002081888	0.017349063	0.003122831	0.016308119	0.007980569	0	0	0.015267176	0	0.000346981	0.005204719	0	0.000346981	0.003816794	0.006939625	0	0	0.001387925	0.001734906	0.001040944	0.002081888	0	0.000346981	0	0.010062457	0.003469813	0.005204719	0	0	0	0	0	0	0	0	0	0	0	0.000346981	0	0	0	0.000346981	0	0	0	0	0	0	0	0	0	0	0	0	0	0	0	0	0	0	0	0	0	0	0	0	0	0	0	0	0	0	0	0	0	0	0	0	0.506939625
"PHN11_Z2_3"	0.301179736	0.080846634	0.146773074	0.006245663	0.034698126	0.014573213	0.029493407	0	0.000346981	0.015961138	0.003469813	0.010409438	0.009021513	0	0.003122831	0.004510756	0	0	0.001734906	0	0	0	0.004510756	0	0.000346981	0.015267176	0.001040944	0	0	0	0.002081888	0	0.00277585	0.006592644	0.001734906	0	0	0	0	0	0	0	0.000693963	0	0	0	0	0	0	0	0	0	0	0	0	0	0	0	0	0	0	0	0	0	0	0	0	0	0	0	0	0	0	0	0	0	0	0	0	0	0	0	0	0	0	0	0	0.302567661
"PHJ75_Z2_1"	0.15648855	0.031922276	0.193615545	0.001387925	0.003122831	0.022900763	0.017349063	0	0.000693963	0.026370576	0.003122831	0.004163775	0.0055517	0	0.003469813	0.006939625	0.000693963	0	0.001387925	0	0	0.004163775	0.002428869	0.000693963	0.000693963	0.006592644	0.000346981	0.000346981	0	0	0	0.000346981	0	0.000346981	0.000693963	0	0	0.000346981	0	0	0	0	0.000693963	0	0	0	0	0	0	0	0	0	0	0	0	0	0	0	0	0	0	0	0	0	0	0	0	0	0	0	0	0	0	0	0	0	0	0	0	0	0	0	0	0	0	0	0	0.503122831
"PHJ75_Z2_2"	0.097848716	0.026023595	0.090909091	0.001040944	0.003469813	0.018390007	0.060721721	0	0.000693963	0.015614157	0.001040944	0.004857738	0.003469813	0	0	0.000693963	0	0	0.001040944	0	0	0.007286607	0.00277585	0	0.000693963	0.00277585	0.000693963	0	0	0.000346981	0.001040944	0.000346981	0.00277585	0.000693963	0.001040944	0	0	0	0.000346981	0	0	0	0	0	0	0	0	0	0	0.000346981	0	0	0	0	0	0	0	0	0	0	0	0	0	0	0	0	0	0	0	0	0	0	0	0	0	0	0	0	0	0	0	0	0	0	0	0	0	0.653018737
"PHJ75_Z2_3"	0.095419847	0.010062457	0.073907009	0.000346981	0.04129077	0.010409438	0.017349063	0.000346981	0.000693963	0.005898681	0.001040944	0.003469813	0.006245663	0	0.001734906	0.001734906	0	0	0.001040944	0	0	0.000346981	0.000693963	0	0	0.001387925	0.001040944	0	0	0	0	0.001040944	0.00277585	0.001387925	0.001040944	0	0	0	0	0	0	0	0	0	0	0	0	0	0	0	0	0	0	0	0	0	0	0	0	0	0	0	0	0	0	0	0	0	0	0	0	0	0	0	0	0	0	0	0	0	0	0	0	0	0	0	0	0.719292158
"PHM10_Z2_1"	0.031228314	0.005898681	0.018390007	0.001040944	0.000346981	0.003816794	0.009368494	0.000346981	0.001734906	0.00277585	0.000693963	0.001040944	0.000346981	0	0.001387925	0.000346981	0	0	0.001040944	0	0	0.000693963	0.002428869	0	0	0	0.000346981	0	0.000346981	0	0	0	0	0	0.001040944	0	0	0	0	0	0	0	0	0	0.000346981	0	0	0	0	0	0	0	0	0.000346981	0	0	0	0	0	0	0	0	0	0	0	0	0	0.000346981	0	0	0	0	0	0	0	0	0	0	0	0	0	0	0	0	0	0	0	0.914295628
"PHM10_Z2_2"	0.09056211	0.027064539	0.093684941	0.000693963	0.015961138	0.010409438	0.042331714	0.004163775	0.001387925	0.032269257	0.001734906	0.004857738	0.00277585	0	0.004163775	0.000693963	0	0.000346981	0.001040944	0	0.000346981	0.002428869	0.004510756	0.000693963	0	0.00277585	0.000693963	0	0.001040944	0.000693963	0	0	0	0	0.002081888	0	0.000346981	0	0	0	0	0	0	0	0	0	0	0	0	0	0	0	0	0	0	0	0	0	0	0	0	0	0	0	0	0	0	0	0	0	0	0	0	0	0	0	0	0	0	0	0	0	0	0	0	0	0	0.650242887
"PHM10_Z2_3"	0.00277585	0.000693963	0.074600972	0	0.005204719	0.001040944	0.001387925	0.00277585	0	0	0.007286607	0	0	0	0	0.011797363	0.001040944	0.055170021	0	0.001387925	0.021512838	0.010409438	0.004163775	0.002081888	0.000693963	0	0.008674532	0	0.009368494	0	0	0.002428869	0	0	0	0	0	0	0	0	0	0	0	0	0	0	0	0	0	0	0	0	0.000693963	0	0	0	0	0	0	0	0	0	0	0	0	0	0	0	0	0	0	0	0	0	0	0	0	0	0	0	0	0	0	0	0	0	0	0.77480916
"LH205_Z2_1"	0.146426093	0.022900763	0.082928522	0.001734906	0.000346981	0.053088133	0.020471895	0	0.001040944	0.015614157	0.004857738	0.014920194	0.004163775	0	0.000346981	0.013532269	0	0	0.001387925	0	0	0.002081888	0.009021513	0	0.000346981	0.000693963	0.001040944	0	0.000346981	0.002081888	0	0.000693963	0	0.000346981	0.005204719	0	0	0.000346981	0	0	0	0	0.000346981	0	0.000346981	0	0	0	0	0	0	0	0	0	0	0	0	0	0	0	0	0	0	0	0	0	0	0	0	0	0	0	0	0	0	0	0	0	0	0	0	0	0	0	0	0	0	0.59333796
"LH205_Z2_2"	0.180083276	0.043025677	0.183553088	0.001040944	0.078417765	0.009715475	0.019430951	0.002081888	0.000346981	0.033310201	0.001734906	0.013879251	0.005204719	0.000346981	0	0.005204719	0	0	0.001734906	0	0.001040944	0.003122831	0.006245663	0	0.000346981	0.001040944	0.001734906	0.000693963	0.000346981	0	0	0	0.000346981	0.001040944	0.003122831	0	0	0	0	0	0	0	0.001387925	0	0	0	0.000693963	0	0	0	0	0	0	0	0	0	0	0	0	0	0	0	0	0	0	0	0	0	0	0	0	0	0	0	0	0	0	0	0	0	0	0	0	0	0	0	0	0.399722415
"LH205_Z2_3"	0.280013879	0.026023595	0.086745316	0	0.017696044	0.020818876	0.033310201	0	0	0.012838307	0.003816794	0.009715475	0.003469813	0	0.001040944	0.003122831	0	0	0.000693963	0	0.001040944	0.014226232	0.004510756	0	0.002081888	0.003122831	0.000693963	0	0	0	0	0	0	0	0.001387925	0	0	0	0	0	0	0	0	0	0	0	0	0	0	0	0	0	0	0	0	0	0	0	0	0	0	0	0	0	0	0	0	0	0	0	0	0	0	0	0	0	0	0	0	0	0	0	0	0	0	0	0	0.473629424
"PHW51_Z2_1"	0.03296322	0.0111034	0.11276891	0.022206801	0.006592644	0.007633588	0.007633588	0.000346981	0	0.004163775	0.000693963	0.001387925	0.003816794	0	0.000693963	0.001040944	0	0	0.000346981	0	0	0.000346981	0.001040944	0	0.000346981	0	0	0	0.005204719	0	0	0	0	0	0.001040944	0	0	0	0	0	0	0	0.000346981	0.000346981	0.000346981	0	0	0	0	0	0	0	0	0	0	0	0	0	0	0	0	0.000346981	0	0	0	0	0	0	0	0	0	0	0	0	0	0	0	0	0	0	0	0	0	0	0	0	0	0.777238029
"PHW51_Z2_2"	0.194656489	0.073560028	0.164122137	0.001040944	0.016655101	0.023247745	0.026023595	0.000693963	0.001040944	0.034004164	0.003816794	0.015614157	0.004510756	0	0.004163775	0.004510756	0	0	0.001387925	0.001387925	0	0.007980569	0.002081888	0.002428869	0	0.000693963	0.00277585	0	0.000346981	0	0	0.000346981	0.012144344	0.00277585	0.001734906	0	0	0	0.003122831	0	0	0	0	0	0	0	0	0	0	0	0.001040944	0	0	0	0	0	0	0	0	0	0	0	0	0	0	0	0	0	0	0	0	0	0	0	0	0	0	0	0	0	0	0	0	0	0	0	0	0.392088827
"PHW51_Z2_3"	0.087439278	0.010409438	0.040249827	0.073560028	0.00277585	0.014920194	0.033310201	0	0.001040944	0.006245663	0.002081888	0.012491325	0.003469813	0	0.003122831	0.003469813	0.001040944	0	0.000346981	0	0	0	0.001734906	0.000346981	0	0.000693963	0.000346981	0.000346981	0	0	0	0	0	0.000346981	0.000693963	0	0	0	0	0	0	0	0	0	0	0	0	0	0	0	0	0	0	0	0	0	0	0	0	0	0	0	0	0	0	0	0	0	0	0	0	0	0	0	0	0	0	0	0	0	0	0	0	0	0	0	0	0.699514226
"B73_Z2_1"	0.192921582	0.03018737	0.09611381	0.029493407	0.005204719	0.057945871	0.045801527	0	0.00277585	0.013185288	0.005898681	0.006939625	0.010409438	0	0.002428869	0.038167939	0.059680777	0	0.005898681	0	0.006939625	0.000693963	0.007286607	0	0.000346981	0.000346981	0.002428869	0	0.001387925	0	0	0	0.000346981	0.000346981	0.007286607	0	0	0	0	0	0	0.000346981	0	0	0	0	0.000693963	0	0	0	0	0	0	0	0	0	0	0	0	0	0	0	0	0	0	0	0	0	0	0	0	0	0	0	0	0	0	0	0	0	0	0	0	0	0	0	0	0.368494101
"B73_Z2_2"	0.170020819	0.041984733	0.139486468	0.013185288	0.085704372	0.014226232	0.042331714	0.003469813	0	0.035045108	0.002428869	0.013532269	0.009368494	0.000346981	0.007633588	0.004510756	0	0	0.002428869	0	0	0.003816794	0.003816794	0	0.001387925	0.005204719	0.006592644	0	0	0	0.000693963	0	0.003816794	0.003816794	0.003469813	0	0	0	0	0.000346981	0	0	0.001040944	0	0	0.001040944	0	0	0.000693963	0	0	0	0	0.000346981	0	0	0.000346981	0	0	0	0	0	0	0	0	0	0	0	0	0	0	0	0	0	0	0	0	0	0	0	0	0	0	0	0	0	0	0.377862595
"B73_Z2_3"	0.110687023	0.034351145	0.105135323	0.000346981	0.004510756	0.02463567	0.066273421	0	0	0.046842471	0.011450382	0.029840389	0.002081888	0	0.00277585	0.002428869	0	0	0.001040944	0	0.000346981	0.003816794	0.002081888	0.001040944	0.000346981	0.0055517	0.001387925	0.000346981	0	0	0.000693963	0	0.001387925	0.002428869	0.001040944	0	0	0	0.000346981	0	0	0	0	0.000346981	0.000693963	0	0	0	0	0	0	0	0	0	0	0	0	0	0	0	0	0	0	0	0	0	0	0	0	0	0	0	0	0	0	0	0	0	0	0	0	0	0	0	0	0	0	0.53573907
"A632_Z2_1"	0.166204025	0.015961138	0.075988897	0.004163775	0.000693963	0.058292852	0.017349063	0.001040944	0.001734906	0.010409438	0.000346981	0.0055517	0.001734906	0	0.000693963	0.004163775	0	0	0.001734906	0	0.000693963	0.003122831	0.001040944	0	0.000346981	0.001387925	0.002081888	0	0.001387925	0	0	0.001040944	0	0.000346981	0.003816794	0	0	0	0	0	0	0	0	0	0	0	0.000346981	0	0	0	0	0	0	0	0	0	0	0	0	0	0	0	0	0	0	0	0	0	0	0	0	0	0	0	0	0	0	0	0	0	0	0	0	0	0	0	0	0.618320611
"A632_Z2_2"	0.164469119	0.056557946	0.326509368	0.003469813	0.046842471	0.026023595	0.050659264	0	0.000346981	0.022553782	0.004163775	0.033310201	0.00277585	0	0.019083969	0.002081888	0	0	0.002428869	0	0	0.00277585	0.001387925	0	0	0.001040944	0.00277585	0	0.000346981	0	0	0.000346981	0.000693963	0.001387925	0.001734906	0	0	0	0	0	0	0	0	0	0	0	0	0	0	0	0	0	0	0	0	0	0	0	0	0	0	0	0	0	0	0	0	0	0	0	0	0	0	0	0	0	0	0	0	0	0	0	0	0	0	0	0	0.226231783
"A632_Z2_3"	0.13740458	0.09888966	0.22519084	0.00277585	0.001040944	0.029493407	0.018736988	0	0	0.018736988	0.004857738	0.014226232	0.0055517	0.000693963	0.000346981	0.001040944	0	0	0.000346981	0.000346981	0.014920194	0.000693963	0.001734906	0	0.000693963	0.004163775	0.001387925	0	0.001040944	0	0	0	0	0.000346981	0.000693963	0	0	0	0	0	0	0	0	0.000346981	0	0	0	0	0	0	0	0	0	0	0	0	0	0	0	0	0	0	0	0	0	0	0	0	0	0	0	0	0	0	0	0	0	0	0	0	0	0	0	0	0	0	0	0.414295628
"Mo17_Z2_1"	0.209923664	0.019083969	0.092643997	0.001387925	0	0.008674532	0.03573907	0	0.000346981	0.011450382	0.002428869	0.006939625	0.003469813	0	0.004857738	0.004510756	0	0	0.001040944	0	0	0.000346981	0.000693963	0	0	0.000693963	0.001040944	0	0.000346981	0.000346981	0.009368494	0.000693963	0.001387925	0.000346981	0.000693963	0	0	0	0	0	0	0	0	0	0	0	0	0	0	0	0	0	0	0	0	0	0	0	0	0	0	0	0	0	0	0	0	0	0	0	0	0	0	0	0	0	0	0	0	0	0	0	0	0	0	0	0	0.581540597
"Mo17_Z2_2"	0.174184594	0.026717557	0.104788341	0.000346981	0.036780014	0.033657183	0.051700208	0.001387925	0.002081888	0.017349063	0.002428869	0.006939625	0.010756419	0	0	0.000346981	0.000346981	0	0.000693963	0	0	0.000693963	0.004510756	0	0	0.001387925	0.002081888	0	0.000346981	0	0.004163775	0.001387925	0.007980569	0.001387925	0.003469813	0	0	0	0	0	0	0	0	0	0	0	0	0	0.000346981	0	0	0	0.000346981	0	0	0	0	0	0	0	0	0	0	0	0	0	0	0	0	0	0	0	0	0	0	0	0	0	0	0	0	0	0	0	0	0	0	0.501387925
"Mo17_Z2_3"	0.07702984	0.003816794	0.024982651	0.001387925	0	0.006592644	0.019430951	0.000693963	0.000346981	0.004163775	0.001387925	0.003816794	0.002081888	0	0	0	0	0.000693963	0.001387925	0	0	0	0.000346981	0	0	0	0.000693963	0	0	0	0	0	0.000346981	0	0.001040944	0	0	0	0	0	0	0	0	0	0	0	0	0	0	0	0	0	0	0	0	0	0	0	0	0	0.000346981	0	0	0	0	0	0	0	0	0	0	0	0	0	0	0	0	0	0	0	0	0	0	0	0	0	0	0.849410132
"LH51_Z2_1"	0.243927828	0.015267176	0.066620402	0.001387925	0.006245663	0.010409438	0.017002082	0	0.000346981	0.009021513	0.001387925	0.010062457	0.001387925	0.000346981	0.007286607	0.005898681	0	0	0.001040944	0	0	0.001040944	0.001734906	0	0	0.000346981	0.000346981	0	0.000693963	0	0.012838307	0.003122831	0.000346981	0.001040944	0.001734906	0.000346981	0	0	0	0	0	0	0	0	0	0	0	0	0	0	0	0	0	0	0	0.000346981	0	0	0	0	0	0	0	0	0	0	0	0	0	0	0	0	0	0	0	0	0	0	0	0	0	0	0	0	0	0	0	0.578417765
"LH51_Z2_2"	0.136710618	0.004163775	0.040943789	0	0.0111034	0.010756419	0.013879251	0	0.000693963	0.00277585	0.000693963	0.002428869	0.002081888	0	0.000346981	0.001387925	0	0.000346981	0.000346981	0	0	0	0.001040944	0.000346981	0	0.001040944	0	0	0.000346981	0.000346981	0	0.000346981	0.000693963	0.002081888	0.000693963	0	0	0	0	0	0	0	0	0	0.000346981	0	0	0	0	0	0	0	0	0	0	0	0	0	0	0	0	0	0	0	0	0	0	0	0	0	0	0	0	0	0	0	0	0	0	0	0	0	0	0	0	0	0	0.764052741
"LH51_Z2_3"	0.106870229	0.009368494	0.036780014	0.002081888	0.000693963	0.007980569	0.031228314	0	0.000346981	0.004163775	0.00277585	0.003469813	0.003816794	0.000346981	0.001734906	0.00277585	0.004510756	0	0.001387925	0	0	0	0.002428869	0	0	0.001040944	0	0	0.001734906	0	0.001734906	0.000346981	0.001040944	0.000693963	0.000693963	0	0	0	0	0	0	0	0	0	0	0	0	0	0	0	0	0	0	0	0	0	0	0	0	0	0	0	0	0	0	0	0	0	0	0	0	0	0	0	0	0	0	0	0	0	0	0	0	0	0	0	0	0.769951423
"LH52_Z2_1"	0.216863289	0.020818876	0.067314365	0.003469813	0	0.016655101	0.1648161	0.000346981	0.002081888	0.010062457	0.002428869	0.000693963	0.006245663	0.000346981	0.003469813	0.0055517	0.020124913	0	0.000346981	0	0	0.000346981	0.000346981	0	0.006245663	0.001734906	0.000693963	0	0.001387925	0	0.003469813	0	0.001734906	0.001040944	0.001040944	0	0	0	0	0	0	0	0	0	0	0	0	0	0	0	0	0	0	0	0	0	0	0	0	0	0	0	0	0	0	0	0	0	0	0	0	0	0	0	0	0	0	0	0	0	0	0	0	0	0	0	0	0.440319223
"LH52_Z2_2"	0.171408744	0.047883414	0.145385149	0.000693963	0.009021513	0.022206801	0.027758501	0.001040944	0.002428869	0.020471895	0.001040944	0.012838307	0.008674532	0	0.000693963	0.006592644	0	0	0.003816794	0	0.002428869	0.001387925	0.003816794	0.000346981	0.000346981	0.006245663	0.002428869	0.000693963	0.000346981	0.002428869	0	0	0.000346981	0.000693963	0.000693963	0	0	0	0.000693963	0	0	0	0.000346981	0	0	0	0	0	0	0	0	0	0	0	0	0	0	0	0	0	0	0	0	0	0	0	0	0	0	0	0	0	0	0	0	0	0	0	0	0	0	0	0	0	0	0	0	0.494795281
"LH52_Z2_3"	0.141568355	0.029146426	0.151977793	0.008674532	0.004163775	0.015961138	0.037473976	0	0	0.042678695	0.001387925	0.015267176	0.00277585	0	0.0055517	0.003469813	0	0	0.001734906	0	0	0.002081888	0.003469813	0	0	0.005898681	0.018043026	0	0.000346981	0	0.000693963	0.000693963	0.000693963	0.002081888	0.002428869	0	0	0.000346981	0	0	0	0	0.000346981	0	0	0	0	0	0	0	0	0	0	0	0	0	0	0	0	0	0	0	0	0	0	0	0	0	0	0	0	0	0	0	0	0	0	0	0	0	0	0	0	0	0	0	0	0.501040944
"E8501_Z2_1"	0.161693269	0.026370576	0.118667592	0.006592644	0.001040944	0.022900763	0.025329632	0	0.002428869	0.023941707	0.001040944	0.014573213	0.0055517	0	0.004510756	0.003469813	0	0	0.004510756	0	0.000346981	0.003469813	0.004163775	0	0	0.000346981	0.002081888	0	0.000346981	0	0	0	0	0	0.0055517	0	0	0	0	0	0	0	0	0	0	0	0	0	0	0	0	0	0	0	0	0	0	0	0	0	0	0	0	0	0	0	0	0	0	0	0	0	0	0	0	0	0	0	0	0	0	0	0	0	0	0	0	0.561068702
"E8501_Z2_2"	0.149895906	0.017002082	0.06592644	0	0.00832755	0.017349063	0.023594726	0.000346981	0.001387925	0.012491325	0.001387925	0.007633588	0.00277585	0	0.000346981	0.002428869	0	0	0.001387925	0	0	0.002081888	0.00277585	0.000693963	0	0	0.000693963	0	0	0	0.000693963	0.000346981	0.001040944	0.001040944	0.000693963	0.000346981	0	0	0	0	0	0	0.000346981	0	0	0	0	0	0	0	0	0	0.000346981	0	0	0	0	0	0	0	0	0	0	0	0	0	0	0	0	0	0	0	0	0	0	0	0	0	0	0	0	0	0	0	0	0	0	0.676613463
"E8501_Z2_3"	0.183206107	0.017002082	0.183553088	0	0.020471895	0.04129077	0.036086051	0	0.000346981	0.040249827	0.002081888	0.005898681	0.003816794	0	0.006245663	0.002081888	0.001040944	0	0.004857738	0.000346981	0.000346981	0.000693963	0.002428869	0	0.000346981	0.002081888	0.001387925	0	0.000693963	0	0	0.000346981	0.000693963	0.002081888	0.001734906	0	0	0	0	0	0	0	0	0	0	0	0	0	0	0	0	0	0	0	0	0	0	0	0	0	0	0	0	0	0	0	0	0	0	0	0	0	0	0	0	0	0	0	0	0	0	0	0	0	0	0	0	0.438584316
"LH93_Z2_1"	0.040596808	0.026023595	0.045801527	0	0.021512838	0.009021513	0.015614157	0.000346981	0.000346981	0.006245663	0.001387925	0.002428869	0.002081888	0	0.000693963	0.000693963	0.000346981	0	0	0.000346981	0	0.001040944	0.001040944	0.000346981	0	0.000346981	0.00277585	0.017349063	0.000693963	0.000346981	0	0	0	0	0.001040944	0	0	0	0	0.003122831	0	0	0	0	0	0	0	0	0	0	0	0	0	0	0	0	0	0	0	0	0	0	0	0	0	0	0	0	0	0	0	0	0	0	0	0	0	0	0	0	0	0	0	0	0	0	0	0.798403886
"LH93_Z2_2"	0.184941013	0.007633588	0.086051353	0.000346981	0.028105482	0.011450382	0.046495489	0	0.000693963	0.014226232	0.002428869	0.003122831	0.003122831	0	0	0.008674532	0	0	0.001387925	0	0	0.000346981	0.001734906	0.000346981	0.002081888	0.000346981	0.001040944	0	0	0.001387925	0	0	0	0	0	0	0	0	0	0	0	0	0	0	0	0	0	0	0	0	0	0	0	0	0	0	0	0	0	0	0	0	0	0	0	0	0	0	0	0	0	0	0	0	0	0	0	0	0	0	0	0	0	0	0	0	0	0.594031922
"LH93_Z2_3"	0.154059681	0.015614157	0.055517002	0.001734906	0.002081888	0.03296322	0.043372658	0.001040944	0	0.014226232	0.000693963	0.004163775	0.0055517	0.001040944	0.000346981	0.00277585	0	0	0.001040944	0	0	0.000346981	0.004857738	0.000346981	0	0.000693963	0.003122831	0	0.000346981	0	0	0	0	0.000346981	0.001040944	0	0	0.000693963	0	0	0	0	0	0	0	0	0	0	0	0	0	0	0	0	0	0	0	0	0	0	0	0	0	0	0	0	0	0	0	0	0	0	0	0	0	0	0	0	0	0	0	0	0	0	0	0	0	0.651977793
"PHJ31_Z2_1"	0.200208189	0.014920194	0.065579459	0.034004164	0.000693963	0.022206801	0.075294934	0	0.001040944	0.00832755	0.002428869	0.006939625	0.003816794	0	0.008674532	0.003816794	0.000346981	0	0.001040944	0	0	0.000693963	0.00277585	0	0	0	0.001040944	0.001040944	0.000693963	0	0	0.000693963	0	0	0.003469813	0	0	0	0	0	0	0	0	0	0	0	0	0	0	0	0	0	0	0	0	0	0	0	0	0	0	0	0	0	0	0	0	0	0	0	0	0	0	0	0	0	0	0	0	0	0	0	0	0	0	0	0	0.540249827
"PHJ31_Z2_2"	0.113809854	0.058292852	0.031922276	0.001387925	0.019777932	0.011450382	0.016655101	0	0.002428869	0.003469813	0.000346981	0.007286607	0.011797363	0.001387925	0.00277585	0.001387925	0	0.000693963	0.000346981	0.000346981	0.000693963	0.000693963	0.00277585	0.000346981	0	0	0.000693963	0.000693963	0.001387925	0	0.001387925	0	0.003816794	0.003816794	0.003816794	0	0	0	0.000346981	0	0	0	0	0	0	0	0	0	0	0	0	0.000346981	0	0	0	0	0	0	0	0	0.000346981	0	0	0	0	0.000346981	0	0	0	0	0	0	0	0	0	0	0	0	0	0	0	0	0	0	0	0	0	0.692921582
"PHJ31_Z2_3"	0.138792505	0.004510756	0.026370576	0.001040944	0.000346981	0.004857738	0.016655101	0.001387925	0	0.001040944	0.046148508	0.004510756	0.019777932	0	0.001040944	0.001387925	0.048924358	0	0.016655101	0.000346981	0	0.000346981	0.002081888	0	0	0	0	0.001040944	0.000346981	0.000693963	0	0.000346981	0.000693963	0.000346981	0.000693963	0.001734906	0	0.000346981	0	0	0	0	0	0	0	0	0	0	0	0	0	0	0	0	0	0	0	0	0	0	0	0	0	0	0	0	0	0	0	0	0	0	0	0	0	0	0	0	0	0	0	0	0	0	0	0	0	0.657529493
"PHW20_Z2_1"	0.181124219	0.021512838	0.259541985	0.003816794	0.017002082	0.019083969	0.031575295	0.000346981	0	0.015614157	0.007633588	0.009715475	0.013532269	0	0.001040944	0.007286607	0	0	0.000346981	0	0.000346981	0.00277585	0.003469813	0.003122831	0.000693963	0.006939625	0.001040944	0.000346981	0	0	0	0	0	0.000693963	0.001040944	0	0	0	0	0	0	0	0.000346981	0	0	0	0	0	0	0	0	0	0	0	0	0	0	0	0	0	0	0	0	0	0	0	0	0	0	0	0	0	0	0	0	0	0	0	0	0	0	0	0	0	0	0	0	0.39000694
"PHW20_Z2_2"	0.074600972	0.008674532	0.029493407	0.000693963	0.010062457	0.004857738	0.011797363	0	0.000346981	0.004163775	0.000346981	0.004163775	0.001040944	0	0.000693963	0.002081888	0	0	0.001040944	0	0.000346981	0.000346981	0.001734906	0.000346981	0	0.000693963	0.000346981	0	0	0	0	0	0	0	0.001387925	0	0	0	0	0	0	0	0	0	0	0	0	0	0	0	0	0	0	0	0	0	0	0	0	0	0	0	0	0	0	0	0	0	0	0	0	0	0	0	0	0	0	0	0	0	0	0	0	0	0	0	0	0.8407356
"PHW20_Z2_3"	0.179042332	0.013532269	0.080846634	0.135322693	0.014226232	0.013879251	0.043372658	0.000693963	0.000346981	0.018390007	0.002081888	0.004510756	0.011797363	0	0.002081888	0.003122831	0.000693963	0	0.001734906	0	0	0.001387925	0.000693963	0	0.007286607	0.000693963	0.001040944	0	0.001387925	0	0	0.000346981	0	0	0.000693963	0	0	0	0	0	0	0	0.000346981	0	0	0	0	0	0	0	0	0	0	0	0	0	0	0.000346981	0	0	0	0	0	0	0.000346981	0	0	0	0	0	0	0	0	0	0	0	0	0	0	0	0	0	0	0	0	0	0	0.459750173
"W64A_Z2_1"	0.056557946	0.005898681	0.025676613	0.003122831	0.00277585	0.006592644	0.010409438	0	0.070090215	0.000346981	0.000693963	0.001040944	0.001387925	0	0.000693963	0.000693963	0	0	0.000346981	0	0	0	0.000346981	0	0	0	0.000346981	0	0.001040944	0	0	0.001040944	0	0.000346981	0.000346981	0	0	0	0	0.000346981	0	0	0	0	0	0	0	0	0	0	0	0	0	0	0	0	0	0	0	0	0	0	0	0	0	0	0	0	0	0	0	0	0	0	0	0	0	0	0	0	0	0	0	0	0	0	0	0.809854268
"W64A_Z2_2"	0.192574601	0.020124913	0.080846634	0.000693963	0.018043026	0.017002082	0.030534351	0	0.035045108	0.035392089	0.001734906	0.0055517	0.005204719	0	0.000693963	0	0	0	0.001387925	0	0	0.001734906	0.00277585	0	0.000693963	0.003469813	0.001734906	0	0	0	0	0.000693963	0.000693963	0.001734906	0.00277585	0	0	0	0	0	0	0	0.000346981	0	0	0	0	0	0	0	0	0	0	0	0	0	0	0	0	0	0	0	0	0	0	0	0	0	0	0	0	0	0	0	0	0	0	0	0	0	0	0	0	0	0	0	0	0.53851492
"W64A_Z2_3"	0.15648855	0.03018737	0.06592644	0.015614157	0.001040944	0.011450382	0.034004164	0.000346981	0.002428869	0.009021513	0.002428869	0.003122831	0.0111034	0	0.006939625	0.001734906	0.000346981	0	0.001734906	0	0	0	0.003122831	0	0	0.001734906	0.000693963	0	0.001040944	0.000346981	0	0.001387925	0	0.001040944	0.001734906	0	0	0	0.000693963	0	0	0	0	0.000346981	0	0	0	0	0	0	0	0	0	0	0	0	0	0	0	0	0	0	0	0	0	0	0	0	0	0	0	0	0	0	0	0	0	0	0	0	0	0	0	0	0	0	0	0.633934768
"LH38_Z3_1"	0.216863289	0.029840389	0.115891742	0.000346981	0.007286607	0.017696044	0.020818876	0.001040944	0.000693963	0.011450382	0.001040944	0.010409438	0.007286607	0	0.001040944	0.002428869	0	0.000693963	0.002428869	0	0.000346981	0.000693963	0.001734906	0	0	0.001040944	0.003122831	0	0	0	0	0.000693963	0	0.002081888	0.00277585	0	0	0	0	0	0	0	0	0	0	0	0	0	0	0	0	0	0	0	0	0	0	0	0	0	0	0	0	0	0	0	0	0	0	0	0	0	0	0	0	0	0	0	0	0	0	0	0	0	0	0	0	0.540249827
"LH38_Z3_2"	0.504857738	0.008674532	0.062456627	0	0.001040944	0.012838307	0.003469813	0	0.001040944	0.003122831	0.001387925	0.004510756	0.005204719	0	0.006245663	0.001387925	0	0	0.000346981	0	0.000346981	0.000346981	0.000346981	0	0	0.000346981	0.000693963	0	0.001040944	0	0	0	0.003816794	0.00832755	0.000346981	0	0.003816794	0	0	0	0	0	0	0	0	0	0	0	0.001040944	0	0	0	0	0	0	0	0	0	0	0	0	0	0	0	0	0	0	0	0	0	0	0	0	0	0	0	0	0	0	0	0	0	0	0	0	0	0	0.362942401
"LH38_Z3_3"	0.437196391	0.008674532	0.038861901	0.012144344	0.005204719	0.006592644	0.013532269	0	0	0.003816794	0.001387925	0.002081888	0.001040944	0	0.004163775	0.000346981	0	0	0.000346981	0	0	0.000346981	0.000693963	0	0	0	0.000346981	0	0	0	0.001734906	0	0.001040944	0.002081888	0.002081888	0	0	0	0	0	0	0	0.000346981	0	0	0	0	0	0	0	0	0	0	0	0	0	0	0	0	0	0	0	0	0	0	0	0	0	0	0	0	0	0	0	0	0	0	0	0	0	0	0	0	0	0	0	0	0.45593338
"LH39_Z3_1"	0.249826509	0.029840389	0.116932686	0.000346981	0.002428869	0.011450382	0.035392089	0.000693963	0.000693963	0.020818876	0.004857738	0.014226232	0.001040944	0.001040944	0.003122831	0.005204719	0.000346981	0	0.00277585	0	0.000346981	0.011797363	0.003122831	0.000693963	0.007633588	0.003816794	0.001387925	0.000346981	0.000346981	0	0	0.000346981	0	0.000693963	0.00277585	0	0	0	0	0	0	0	0	0	0	0	0	0	0	0	0	0	0	0.000346981	0	0	0	0	0	0	0	0	0	0	0	0	0	0	0	0	0	0	0	0	0	0	0	0	0	0	0	0	0	0	0	0	0	0.465301874
"LH39_Z3_2"	0.106870229	0.011450382	0.077723803	0.001040944	0.003816794	0.029146426	0.026023595	0.002081888	0.003816794	0.004857738	0.000693963	0.00277585	0.026370576	0	0.003816794	0.003122831	0.000693963	0	0.001040944	0.000346981	0	0.000693963	0.00277585	0	0.000346981	0.003122831	0.000346981	0.000346981	0.002081888	0	0	0.002081888	0.000346981	0.000346981	0.004510756	0	0	0	0	0	0	0	0	0	0	0	0	0	0	0	0	0	0	0	0	0	0	0	0	0	0	0	0	0	0	0	0	0	0	0	0	0	0	0	0	0	0	0	0	0	0	0	0	0	0	0	0	0.677307425
"LH39_Z3_3"	0.293546149	0.053435115	0.135669674	0.002081888	0.03018737	0.020471895	0.022900763	0	0.000693963	0.03573907	0.002081888	0.016308119	0.001734906	0	0.012838307	0.001734906	0	0	0.003816794	0	0	0.001040944	0.012838307	0.000346981	0.000693963	0.001734906	0.005898681	0	0	0.000346981	0.001040944	0	0.001387925	0.002428869	0.001387925	0	0	0	0	0	0	0	0	0	0	0	0	0	0	0	0	0	0	0	0	0	0	0	0	0	0	0	0	0	0	0	0	0	0	0	0	0	0	0	0	0	0	0	0	0	0	0	0	0	0	0	0	0.337612769
"78371A_Z3_1"	0.459056211	0.017349063	0.078764747	0.001040944	0.002081888	0.007633588	0.022900763	0.002428869	0.000693963	0.00832755	0.003816794	0.007980569	0.005204719	0	0.003469813	0.000346981	0	0	0.002428869	0	0.000346981	0.001040944	0.001387925	0	0	0.001040944	0.000693963	0	0	0	0	0.000693963	0.000346981	0.000693963	0.002428869	0	0	0	0.000346981	0	0	0	0.000693963	0	0	0	0	0	0	0	0.000346981	0	0	0	0	0	0	0	0	0	0.000346981	0	0	0	0	0	0	0	0	0	0	0	0	0	0	0	0	0	0	0	0	0	0	0	0	0	0	0.366065232
"78371A_Z3_2"	0.083275503	0.090909091	0.159958362	0.000346981	0.074600972	0.028799445	0.020124913	0.010756419	0.002428869	0.023247745	0.007633588	0.00277585	0.008674532	0	0.002081888	0.000693963	0.000346981	0	0.003816794	0	0.003816794	0	0.00277585	0	0	0.006592644	0.002428869	0	0	0	0.003469813	0.001734906	0.006245663	0.001387925	0.006592644	0	0	0.002428869	0	0	0	0	0	0	0	0	0	0.001040944	0	0	0	0	0	0	0	0	0	0	0	0	0	0	0	0	0	0	0	0	0	0	0	0	0	0	0	0	0	0	0	0	0	0	0	0	0	0	0	0.441013185
"78371A_Z3_3"	0.097501735	0.046148508	0.117626648	0.000346981	0.001387925	0.00832755	0.027064539	0	0.001040944	0.001734906	0.001040944	0.003122831	0.004510756	0	0.001040944	0.000346981	0	0	0.000346981	0	0	0	0.002081888	0.000346981	0	0.001040944	0	0	0	0	0.001387925	0.001734906	0.001387925	0.000346981	0.000693963	0	0	0	0	0	0	0	0	0	0	0	0	0	0	0	0	0	0	0	0	0	0	0	0	0	0	0	0	0	0	0	0	0	0	0	0	0	0	0	0	0	0	0	0	0	0	0	0	0	0	0	0	0.679389313
"787_Z3_1"	0.241151978	0.029493407	0.212699514	0.001387925	0.029840389	0.059680777	0.076335878	0.001734906	0.022206801	0.013185288	0.004163775	0.0055517	0.010756419	0.000346981	0.004163775	0.003122831	0	0.001040944	0.000346981	0	0.000693963	0.012491325	0.004857738	0	0.001387925	0.002081888	0.000346981	0	0.000693963	0	0	0	0.000693963	0	0.002428869	0	0	0	0.000346981	0	0	0	0	0	0	0	0	0	0	0	0	0	0	0	0	0	0	0	0	0	0	0	0	0	0	0	0	0	0	0	0	0	0	0	0	0	0	0	0	0	0	0	0	0	0	0	0	0.256766135
"787_Z3_2"	0.060721721	0.040596808	0.360166551	0	0.02185982	0.037820958	0.029146426	0.175572519	0.015614157	0.007980569	0.001387925	0.004163775	0.007633588	0	0.001387925	0.003816794	0.000693963	0	0	0	0.001040944	0.000346981	0.035392089	0	0.000346981	0.001040944	0	0	0	0.000346981	0.000346981	0	0.012491325	0.000346981	0.000693963	0	0	0	0.002081888	0	0	0	0	0	0	0	0	0	0	0	0	0	0	0	0	0	0	0	0	0	0	0	0	0	0	0	0	0	0	0	0	0	0	0	0	0	0	0	0	0	0	0	0	0	0	0	0	0.176960444
"787_Z3_3"	0.187369882	0.065579459	0.164122137	0.000346981	0.001387925	0.027064539	0.073213046	0.016655101	0.054129077	0.009021513	0.004857738	0.017696044	0.004163775	0	0.006245663	0.001040944	0	0	0.000346981	0.014226232	0.000346981	0.010409438	0.007633588	0.000693963	0.001734906	0.003816794	0.000346981	0.000693963	0.000693963	0	0	0.000346981	0.000693963	0.000346981	0.003122831	0	0	0	0.001734906	0	0	0	0	0	0	0	0	0	0	0	0	0	0	0	0	0	0	0	0	0	0	0	0	0	0	0	0	0	0	0	0	0	0	0	0	0	0	0	0	0	0	0	0	0	0	0	0	0.319916724
"IB014_Z3_1"	0.383414296	0.025329632	0.075988897	0.000693963	0.00277585	0.012491325	0.019083969	0	0.001387925	0.009368494	0.002081888	0.001387925	0.018390007	0	0.012838307	0.009715475	0	0	0.001387925	0	0	0.000693963	0.006939625	0.002428869	0	0.008674532	0.000693963	0	0.000693963	0	0.014573213	0.004857738	0.004857738	0.002081888	0.003122831	0	0	0	0	0	0	0	0.000346981	0	0	0.000346981	0	0	0	0	0	0	0	0	0	0	0	0	0	0	0.000346981	0	0	0	0	0	0	0	0	0	0	0	0	0	0	0	0	0	0	0	0	0	0	0	0	0	0	0.373004858
"IB014_Z3_2"	0.168632894	0.063844552	0.187716863	0.007286607	0.095419847	0.010409438	0.02741152	0	0.000693963	0.022900763	0.004163775	0.019430951	0.002428869	0	0.003122831	0.005204719	0	0	0.005204719	0	0	0.001734906	0.003122831	0	0.000346981	0.003816794	0.007633588	0	0.000693963	0	0.000346981	0.000346981	0	0.001040944	0.001387925	0	0	0.003122831	0	0	0	0	0.001040944	0	0.000346981	0	0	0	0	0	0	0	0	0	0	0	0	0	0	0	0	0	0	0	0	0	0	0	0	0	0	0	0	0	0	0	0	0	0	0	0	0	0	0	0	0	0	0.351145038
"IB014_Z3_3"	0.197432339	0.112074948	0.125260236	0.071825121	0.000693963	0.046495489	0.03851492	0	0.001734906	0.017002082	0.004163775	0.010409438	0.012144344	0.000693963	0.000693963	0.001734906	0	0	0.015961138	0	0	0.005204719	0.003469813	0.000346981	0	0.001387925	0.001387925	0	0.000346981	0	0.014920194	0	0.009715475	0.0055517	0.003469813	0	0	0	0.000346981	0	0	0.001387925	0	0	0	0	0	0	0.000346981	0	0	0	0	0.000693963	0	0	0	0	0	0	0	0	0	0	0	0	0	0	0	0	0	0	0	0	0	0	0	0	0	0	0	0	0	0	0	0	0	0.294587092
"PHN11_Z3_1"	0.278972935	0.039555864	0.073213046	0.001040944	0.002428869	0.046495489	0.019777932	0.000346981	0.000346981	0.018390007	0.006245663	0.022900763	0.03573907	0.000346981	0	0.007980569	0	0	0.003122831	0	0	0.00277585	0.002081888	0	0.000693963	0.001734906	0.00277585	0.000346981	0	0	0	0	0.000346981	0.000346981	0.004510756	0	0	0	0	0	0	0	0	0	0	0	0	0	0	0	0	0	0	0	0	0	0	0	0	0	0	0	0	0	0	0	0	0	0	0	0	0	0	0	0	0	0	0	0	0	0	0	0	0	0	0	0	0.427480916
"PHN11_Z3_2"	0.192574601	0.016655101	0.198820264	0.001734906	0.005898681	0.037820958	0.026370576	0.001387925	0.001387925	0.015961138	0.001734906	0.0055517	0.00277585	0	0.007286607	0.003469813	0	0	0.001040944	0	0	0.011450382	0.002428869	0	0.001040944	0.001040944	0.000693963	0	0	0	0.000346981	0	0.002081888	0.000693963	0.00277585	0	0	0	0	0	0.000346981	0	0.000346981	0	0	0	0	0	0	0	0	0	0	0	0	0	0	0	0	0	0	0	0	0	0	0	0	0	0	0	0	0	0	0	0	0	0	0	0	0	0	0	0	0	0	0	0	0.456280361
"PHN11_Z3_3"	0.733865371	0.007286607	0.047883414	0	0.001040944	0.006939625	0.036780014	0.000693963	0.001040944	0.007633588	0.000346981	0.00277585	0.003122831	0	0.000693963	0.003816794	0	0	0.000693963	0	0	0	0.001734906	0	0	0.000346981	0.001040944	0.000346981	0.000693963	0	0	0.000693963	0	0.000346981	0	0	0	0	0	0	0	0	0.000346981	0	0	0	0	0	0	0	0	0	0	0	0	0	0	0	0	0	0.000346981	0	0	0	0	0	0	0	0	0	0	0	0	0	0	0	0	0	0	0	0	0	0	0	0	0	0	0.139486468
"PHJ75_Z3_1"	0.135669674	0.021165857	0.058986815	0.009021513	0.00277585	0.020818876	0.021165857	0.000693963	0.000693963	0.012144344	0.001387925	0.003122831	0.006592644	0	0.001734906	0.001387925	0	0	0.000346981	0	0	0.001040944	0.001387925	0	0	0.001040944	0	0	0	0	0.003816794	0.001040944	0.002081888	0.000693963	0.001387925	0	0	0	0	0	0	0	0	0	0	0	0	0	0	0	0	0	0	0	0	0	0	0	0	0	0	0	0	0	0	0	0	0	0	0	0	0	0	0	0	0	0	0	0	0	0	0	0	0	0	0	0	0.689798751
"PHJ75_Z3_2"	0.212352533	0.116238723	0.112421929	0.001040944	0.002428869	0.123872311	0.019083969	0	0.002081888	0.019083969	0.003469813	0.005898681	0.003469813	0.001387925	0.000693963	0.001040944	0.000346981	0	0.001734906	0.000346981	0.000693963	0.013532269	0.000693963	0	0	0.001734906	0.000693963	0	0.000346981	0	0	0.000346981	0	0	0.005898681	0	0	0	0	0	0	0	0	0	0	0	0	0	0	0	0	0	0	0	0	0	0	0	0	0	0	0	0	0	0	0	0	0	0	0	0	0	0	0	0	0	0	0	0	0	0	0	0	0	0	0	0	0.349063151
"PHJ75_Z3_3"	0.171061763	0.003816794	0.02463567	0	0.006939625	0.011450382	0.015267176	0.000346981	0.000346981	0.000693963	0	0.002081888	0.002081888	0	0.003122831	0.001387925	0	0	0	0	0	0.000693963	0.000693963	0	0	0	0	0	0.000346981	0	0	0.000346981	0.001734906	0.001734906	0.000693963	0	0	0	0	0	0	0	0	0	0	0	0	0	0	0	0	0	0	0	0	0	0	0	0	0.000346981	0	0	0	0	0	0	0	0	0	0	0	0	0	0	0	0	0	0	0	0	0	0	0	0	0	0	0	0.750173491
"PHM10_Z3_1"	0.175572519	0.050312283	0.069743234	0.000346981	0.00277585	0.015961138	0.064191534	0	0.000693963	0.00832755	0.001387925	0.010062457	0.013879251	0.000346981	0.001040944	0.001734906	0	0.000693963	0.000693963	0	0	0.00277585	0.00277585	0.001734906	0.001387925	0.000693963	0.001387925	0	0.001040944	0.014920194	0.00277585	0	0.001040944	0.000693963	0.003122831	0	0	0	0	0	0	0	0	0	0	0	0	0	0	0.000693963	0	0	0	0	0	0	0	0	0	0	0	0	0	0	0	0	0	0	0	0	0	0	0	0	0	0	0	0	0	0	0	0	0	0	0	0	0	0.547189452
"PHM10_Z3_2"	0.122137405	0.018043026	0.077376822	0.000693963	0.015961138	0.022553782	0.054476058	0	0.015267176	0.023247745	0.006592644	0.008674532	0.004163775	0	0.008674532	0.000346981	0	0	0.001387925	0	0	0.007633588	0.002428869	0.000346981	0.000346981	0.004163775	0.001040944	0	0	0.001040944	0.004857738	0	0.000693963	0.001387925	0.002081888	0	0	0	0	0	0	0	0.000346981	0	0	0	0	0	0.000346981	0	0	0	0	0	0	0	0	0	0.000346981	0	0	0	0	0	0	0	0	0	0	0	0	0	0	0	0	0	0	0	0	0	0	0	0	0	0	0	0	0.59333796
"PHM10_Z3_3"	0.180777238	0.013532269	0.070784178	0.056904927	0	0.045107564	0.019777932	0.000346981	0	0.004857738	0.002428869	0.017002082	0.007980569	0	0.000693963	0.000693963	0	0	0.000346981	0	0	0.001387925	0.000693963	0	0.002428869	0.00277585	0.001734906	0	0	0	0.001040944	0	0.000693963	0.001040944	0.001387925	0	0	0	0	0	0	0	0	0	0	0	0	0	0	0	0	0	0	0	0	0	0	0	0	0	0	0	0	0	0	0	0	0	0	0	0	0	0	0	0	0	0	0	0	0	0	0	0	0	0	0	0	0.565579459
"LH205_Z3_1"	0.174184594	0.041637752	0.215822346	0.001040944	0.001387925	0.03296322	0.044760583	0	0.000346981	0.026023595	0.00277585	0.03851492	0.007633588	0	0.004163775	0.00277585	0	0.003122831	0.00277585	0	0	0.007633588	0.006592644	0.000346981	0	0.003816794	0.003122831	0.000693963	0.000693963	0	0	0	0	0.001387925	0.011450382	0	0	0	0	0	0	0	0	0	0	0	0	0	0	0	0	0	0	0	0	0	0	0	0	0	0	0	0	0	0	0	0	0	0	0	0	0	0	0	0	0	0	0	0	0	0	0	0	0	0	0	0	0.364330326
"LH205_Z3_2"	0.031228314	0.023594726	0.06037474	0.002081888	0.010756419	0.005204719	0.012491325	0.000346981	0.000346981	0.011450382	0.001040944	0.003122831	0.002081888	0	0.003816794	0.001387925	0	0.000693963	0	0	0	0.001387925	0.000693963	0	0	0.000346981	0.000346981	0	0	0	0	0	0	0.001040944	0.001387925	0	0	0.000346981	0	0	0	0	0	0	0	0	0	0	0	0	0	0	0	0	0	0	0	0	0	0	0	0	0	0	0	0	0	0	0	0	0	0	0	0	0	0	0	0	0	0	0	0	0	0	0	0	0	0.824427481
"LH205_Z3_3"	0.064538515	0.047189452	0.14573213	0	0.03573907	0.046148508	0.011450382	0	0.001040944	0.013532269	0.006939625	0.020818876	0.015614157	0	0	0.0055517	0.000693963	0	0.004163775	0	0	0.026023595	0.006592644	0.001040944	0.000346981	0.006245663	0.003122831	0	0.000346981	0	0	0	0	0	0.000346981	0	0	0	0	0	0.001040944	0	0	0	0	0	0	0	0	0	0	0	0	0	0	0	0	0	0	0	0	0	0	0	0	0	0	0	0	0	0	0	0	0	0	0	0	0	0	0	0	0	0	0	0	0	0	0.53573907
"PHW51_Z3_1"	0.024982651	0.015267176	0.039555864	0.011797363	0.000346981	0.002428869	0.004857738	0.003469813	0.001040944	0.007633588	0.091256072	0.011450382	0.072172103	0	0.000346981	0.000346981	0	0	0.043372658	0	0	0.000693963	0.001387925	0	0	0.000693963	0.00277585	0.001734906	0	0.010062457	0	0	0	0	0.005204719	0.005898681	0	0	0	0	0	0	0	0	0	0	0	0	0	0.000346981	0	0	0	0.000346981	0	0	0	0	0	0.000346981	0	0	0	0	0	0	0	0	0	0	0	0	0	0	0	0	0	0	0	0	0	0	0	0	0	0	0	0.64018043
"PHW51_Z3_2"	0.263011797	0.146079112	0.179042332	0	0.006939625	0.098195697	0.023941707	0	0.001387925	0.030534351	0.002081888	0.012838307	0.001387925	0	0.010756419	0.00277585	0	0	0.002428869	0	0	0.005204719	0.001734906	0.000346981	0	0.002081888	0.000693963	0	0	0.00277585	0	0.000346981	0	0.000693963	0.001040944	0	0	0.000346981	0	0	0	0	0	0	0	0	0.000346981	0	0	0	0	0	0	0	0	0	0.000346981	0	0	0	0	0	0	0	0	0	0	0	0	0	0	0	0	0	0	0	0	0	0	0	0	0	0	0	0	0	0	0.202637058
"PHW51_Z3_3"	0.125954198	0.024982651	0.105135323	0.039555864	0.006245663	0.037473976	0.055170021	0	0.000346981	0.012838307	0.003469813	0.011450382	0.007633588	0	0.006245663	0.001040944	0.000346981	0.000346981	0.001387925	0.000346981	0.000346981	0.006592644	0.000346981	0	0	0.002428869	0.001040944	0	0	0	0	0	0	0.000346981	0.001387925	0	0	0	0.000693963	0	0	0	0.000346981	0	0	0	0	0	0	0	0	0	0	0	0	0	0	0	0	0	0	0	0	0	0	0	0	0	0	0	0	0	0	0	0	0	0	0	0	0	0	0	0	0	0	0	0	0.546495489
"B73_Z3_1"	0.130117974	0.137751561	0.198820264	0.018390007	0.000693963	0.029146426	0.023941707	0	0.000693963	0.028452464	0.004510756	0.009021513	0.002428869	0.001040944	0.001040944	0.005204719	0.000346981	0	0.010409438	0	0.002081888	0.004163775	0.00832755	0.000693963	0.000346981	0.002428869	0.00277585	0	0.000346981	0	0.00277585	0	0.002428869	0.001734906	0.003469813	0	0	0	0	0	0	0	0	0	0	0	0	0	0	0	0	0	0	0	0	0	0	0	0	0	0	0	0	0	0	0	0	0	0	0	0	0	0	0	0	0	0	0	0	0	0	0	0	0	0	0	0	0.366412214
"B73_Z3_2"	0.400416378	0.168285913	0.274462179	0.000346981	0.000346981	0.006245663	0.012491325	0.000346981	0	0.007980569	0.001387925	0.005204719	0.000346981	0	0.013879251	0.001040944	0	0	0.000693963	0	0.000346981	0.001040944	0.001040944	0	0	0.000693963	0.001734906	0	0	0	0.000346981	0.000346981	0.000346981	0.001734906	0.003816794	0	0	0	0	0	0	0	0.000346981	0	0	0	0	0	0	0	0	0	0	0	0	0	0	0	0	0	0	0	0	0	0	0	0	0	0	0	0	0	0	0	0	0	0	0	0	0	0	0	0	0	0	0	0	0.094725885
"B73_Z3_3"	0.070784178	0.020124913	0.115197779	0.001734906	0.002081888	0.029146426	0.056210965	0	0	0.009715475	0.002081888	0.032269257	0.023247745	0	0.004510756	0.001040944	0	0	0.000693963	0	0.000346981	0	0.002081888	0.000346981	0.000346981	0.002081888	0.004163775	0.000693963	0.000346981	0	0	0	0	0	0.002081888	0	0	0	0	0	0	0	0	0	0.001040944	0	0	0	0	0	0	0	0	0	0	0	0	0	0	0	0	0	0	0	0	0	0	0	0	0	0	0	0	0	0	0	0	0	0	0	0	0	0	0	0	0	0	0.617626648
"A632_Z3_1"	0.201249133	0.070437196	0.096460791	0.001040944	0.000346981	0.016655101	0.011450382	0	0	0.097848716	0.002081888	0.0111034	0.003122831	0.000346981	0.000693963	0.003469813	0	0	0.00277585	0	0.001387925	0.008674532	0.002428869	0	0.000693963	0	0.002081888	0	0	0	0	0.001040944	0	0.000693963	0.002428869	0	0	0	0	0	0	0	0	0	0	0	0	0	0	0	0	0	0	0	0	0	0	0	0	0	0	0	0	0	0	0	0	0	0	0	0	0	0	0	0	0	0	0	0	0	0	0	0	0	0	0	0	0.46148508
"A632_Z3_2"	0.172796669	0.011450382	0.140874393	0.007980569	0.013879251	0.018390007	0.076682859	0.000693963	0.001387925	0.020818876	0.003816794	0.012144344	0.002081888	0	0.010062457	0.000346981	0	0	0.000346981	0	0	0.011450382	0.001040944	0	0.000346981	0.002428869	0.00277585	0	0.001387925	0.013185288	0	0.001387925	0	0	0.003469813	0	0	0	0	0	0	0	0	0	0.000346981	0	0	0	0	0	0	0	0	0	0	0	0	0	0	0	0	0	0	0	0	0	0	0	0	0	0	0	0	0	0	0	0	0	0	0	0	0	0	0	0	0	0	0.468424705
"A632_Z3_3"	0.215128383	0.046148508	0.142609299	0.004510756	0.000693963	0.052047189	0.040943789	0.001040944	0	0.016655101	0.009368494	0.025676613	0.017002082	0.000693963	0.011797363	0	0.002081888	0	0.000693963	0	0	0.001040944	0.003469813	0	0	0.0111034	0.001734906	0	0	0	0	0.000693963	0.000346981	0.001734906	0.001734906	0	0	0	0.000693963	0	0.000346981	0	0	0.000693963	0	0	0	0	0	0	0	0	0	0	0	0	0	0	0	0	0	0	0	0	0	0	0	0	0	0	0	0	0	0	0	0	0	0	0	0	0	0	0	0	0	0	0	0.389312977
"Mo17_Z3_1"	0.256072172	0.048577377	0.153365718	0.004857738	0.000693963	0.025329632	0.113462873	0.003469813	0.000346981	0.021512838	0.004163775	0.011797363	0.003816794	0.000693963	0.003122831	0.002081888	0.000693963	0.000346981	0.0055517	0	0.001387925	0.000693963	0.00277585	0	0	0.001387925	0.007633588	0.000346981	0.000346981	0	0.006592644	0.000346981	0.001387925	0.001040944	0.003469813	0	0	0	0	0	0	0	0	0	0	0	0	0	0	0	0	0	0	0	0	0	0	0	0	0	0	0	0	0	0	0	0	0	0	0	0	0	0	0	0	0	0	0	0	0	0	0	0	0	0	0	0	0.312630118
"Mo17_Z3_2"	0.298750867	0.011450382	0.062803609	0.000346981	0.017696044	0.015267176	0.022206801	0.001387925	0.001387925	0.010409438	0.000346981	0.004163775	0.006245663	0	0.001734906	0.001387925	0	0	0	0	0.000346981	0.000346981	0.006939625	0	0.000346981	0.00277585	0.000346981	0	0.000693963	0	0.002428869	0.001387925	0.013185288	0.00277585	0.001040944	0	0	0	0	0	0	0	0.000346981	0	0.000346981	0	0	0	0	0	0	0	0	0	0	0	0	0	0	0	0	0	0	0	0	0	0	0	0	0	0	0	0	0	0	0	0	0	0	0	0	0	0	0	0	0	0	0.5111034
"Mo17_Z3_3"	0.11276891	0.0055517	0.027064539	0.000346981	0.004857738	0.008674532	0.014226232	0	0	0.004510756	0.000693963	0.002081888	0.002081888	0	0.001734906	0.000346981	0	0	0.000346981	0	0	0.000346981	0.001040944	0.000346981	0	0	0	0	0.000693963	0	0	0.000346981	0	0	0.000346981	0	0	0	0	0	0	0	0	0	0	0	0	0	0	0	0	0	0	0	0	0	0	0	0	0	0	0	0	0	0	0	0	0	0	0	0	0	0	0	0	0	0	0	0	0	0	0	0	0	0	0	0	0.811589174
"LH51_Z3_1"	0.352879944	0.037473976	0.141568355	0.001040944	0.001734906	0.013185288	0.032269257	0	0	0.02463567	0.001387925	0.066967384	0.004163775	0	0.007633588	0.012144344	0.000346981	0	0.003122831	0.000346981	0.001387925	0.000693963	0.004163775	0.000346981	0.000346981	0.000693963	0.001040944	0	0	0	0.000693963	0	0.000693963	0.003122831	0.005898681	0	0	0	0	0	0	0	0.000693963	0	0	0	0	0	0	0	0	0	0	0	0	0	0	0	0	0	0	0	0	0	0	0	0	0	0	0	0	0	0	0	0	0	0	0	0	0	0	0	0	0	0	0	0	0.279319917
"LH51_Z3_2"	0.333448994	0.034351145	0.128383067	0.000346981	0.009368494	0.023941707	0.028452464	0	0	0.036433033	0.003122831	0.018390007	0.00277585	0	0.023247745	0.001734906	0	0	0.004163775	0	0.000693963	0.004510756	0.001387925	0	0.001734906	0.007980569	0.002428869	0	0	0	0.003122831	0	0.000346981	0.003122831	0.001387925	0	0	0	0	0	0	0	0.000346981	0	0	0	0	0	0	0	0	0	0	0	0	0	0	0	0	0	0	0	0	0	0	0	0	0	0	0	0	0	0	0	0	0	0	0	0	0	0	0	0	0	0	0	0	0.324774462
"LH51_Z3_3"	0.380291464	0.010756419	0.070437196	0	0.006592644	0.012144344	0.024288688	0	0	0.009021513	0.001734906	0.011450382	0.004163775	0	0.003469813	0.006592644	0	0	0.001734906	0.000346981	0	0.000346981	0.000693963	0.001040944	0	0.000693963	0.000693963	0	0.000346981	0	0.001734906	0	0.001387925	0.001734906	0.001040944	0	0	0	0	0	0	0	0	0	0	0	0	0	0	0	0	0	0	0	0	0	0	0	0	0	0	0	0	0	0	0	0	0	0	0	0	0	0	0	0	0	0	0	0	0	0	0	0	0	0	0	0	0.447258848
"LH52_Z3_1"	0.051700208	0.058292852	0.059680777	0.388272033	0.000346981	0.031575295	0.017349063	0.003816794	0.000346981	0.009715475	0.002428869	0.004857738	0.006592644	0	0.001040944	0.000693963	0	0	0.001040944	0	0	0	0.001387925	0	0	0.000346981	0.001040944	0	0.00277585	0	0	0	0.002081888	0.000693963	0.001734906	0	0	0	0	0	0	0	0	0	0.000346981	0	0	0	0	0	0	0	0	0	0	0	0	0	0	0	0	0	0	0	0	0	0	0	0	0	0	0	0	0	0	0	0	0	0	0	0	0	0	0	0	0	0	0.351839001
"LH52_Z3_2"	0.515267176	0.027064539	0.043372658	0	0.008674532	0.005204719	0.009715475	0.000346981	0	0.003469813	0.001734906	0.003816794	0.001040944	0	0.010756419	0.002081888	0	0	0.00277585	0	0	0	0.000346981	0	0.00277585	0.001040944	0.000346981	0	0	0.000346981	0	0	0.000693963	0.000346981	0.000346981	0	0	0	0	0	0	0	0	0	0	0	0	0	0	0	0	0	0	0	0	0	0	0	0	0	0	0	0	0	0	0	0	0	0	0	0	0	0	0	0	0	0	0	0	0	0	0	0	0	0	0	0	0.358431645
"LH52_Z3_3"	0.456280361	0.009715475	0.088133241	0.000346981	0.007980569	0.018043026	0.021512838	0	0.000693963	0.020818876	0.001387925	0.001734906	0.013532269	0	0.018043026	0.000346981	0	0	0.001040944	0	0	0.000693963	0.001734906	0	0.001040944	0.002428869	0	0	0	0	0.001040944	0	0.003469813	0.011450382	0.001387925	0.000346981	0.000346981	0	0	0	0	0	0.001040944	0	0	0	0	0	0	0	0	0	0	0	0	0	0	0	0	0	0	0	0	0	0	0	0	0	0	0	0	0	0	0	0	0	0	0	0	0	0	0	0	0	0	0	0	0.315405968
"E8501_Z3_1"	0.334142956	0.020471895	0.064885496	0.004163775	0	0.014226232	0.037126995	0.000346981	0.000693963	0.009368494	0.000693963	0.008674532	0.003122831	0	0.005898681	0.001387925	0	0	0.000346981	0	0	0.001040944	0.001734906	0	0	0	0	0	0.001040944	0	0.001734906	0.003469813	0.001387925	0	0.00277585	0	0	0	0	0	0	0	0	0	0	0	0	0	0	0	0	0	0	0	0	0	0	0	0	0	0	0	0	0	0	0	0	0	0	0	0	0	0	0	0	0	0	0	0	0	0	0	0	0	0	0	0	0.481263012
"E8501_Z3_2"	0.176960444	0.088480222	0.116238723	0	0.125607217	0.060027759	0.089868147	0	0	0.041984733	0.00277585	0.007633588	0.003816794	0	0.004163775	0.002428869	0	0	0.00277585	0	0	0.016655101	0.000693963	0.001040944	0.000346981	0.000693963	0.000693963	0	0	0	0	0	0	0	0.002428869	0	0	0	0	0	0	0	0	0	0	0	0	0	0	0	0	0	0	0	0	0	0	0	0	0	0	0	0	0	0	0	0	0	0	0	0	0	0	0	0	0	0	0	0	0	0	0	0	0	0	0	0	0.254684247
"E8501_Z3_3"	0.15648855	0.075294934	0.159611381	0	0.036433033	0.046842471	0.040943789	0	0.001387925	0.024982651	0.001387925	0.0111034	0.00832755	0	0.010062457	0.001734906	0	0	0.002428869	0	0	0.004163775	0.002428869	0	0	0.001734906	0.000693963	0	0.000346981	0	0.000346981	0.001387925	0.000346981	0.002081888	0.003122831	0	0	0	0.000346981	0	0	0	0.000346981	0	0	0	0	0	0	0	0	0.000693963	0	0	0	0	0	0	0	0	0	0	0	0	0	0	0	0	0	0	0	0	0	0	0	0	0	0	0	0	0	0	0	0	0	0	0	0.404927134
"LH93_Z3_1"	0.148507981	0.046148508	0.165857044	0	0.016308119	0.02185982	0.040943789	0	0.000346981	0.037473976	0.011450382	0.0055517	0.006939625	0.000346981	0.003122831	0.003122831	0	0	0.0055517	0.002428869	0.001734906	0.008674532	0.004163775	0.002081888	0.005204719	0.003469813	0.007633588	0	0.000693963	0	0.001040944	0	0.001040944	0.003469813	0.001040944	0	0	0	0	0	0	0	0	0	0	0	0	0	0	0	0	0	0	0	0	0	0	0	0	0	0	0	0	0	0	0	0	0	0	0	0	0	0	0	0	0	0	0	0	0	0	0	0	0	0	0	0	0.443789035
"LH93_Z3_2"	0.206800833	0.04406662	0.163428175	0.000346981	0.047536433	0.041984733	0.061068702	0	0.000346981	0.040596808	0.004857738	0.007980569	0.004163775	0	0	0.005204719	0	0	0.002428869	0	0.000693963	0	0.002081888	0.000693963	0.000346981	0.000346981	0.002428869	0.000346981	0.001040944	0	0	0	0.000346981	0.000693963	0.001387925	0	0	0	0	0	0	0	0	0	0	0	0	0	0	0	0	0	0	0	0	0	0	0	0	0	0	0	0	0	0	0	0	0	0	0	0	0	0	0	0	0	0	0	0	0	0	0	0	0	0	0	0	0.358778626
"LH93_Z3_3"	0.312977099	0.015614157	0.064191534	0.002081888	0.018043026	0.02741152	0.073213046	0	0.001387925	0.009715475	0.000346981	0.009715475	0.019083969	0	0.001387925	0.00277585	0	0	0.000346981	0	0	0.000346981	0.001387925	0	0.000693963	0	0.001040944	0	0	0	0	0.001734906	0	0.000346981	0.003122831	0	0	0	0	0	0	0	0	0	0	0	0	0	0	0	0	0	0	0	0	0	0	0	0	0	0	0	0	0	0	0	0	0	0	0	0	0	0	0	0	0	0	0	0	0	0	0	0	0	0	0	0	0.433032616
"PHJ31_Z3_1"	0.155794587	0.07425399	0.109646079	0.007980569	0.014573213	0.113809854	0.062803609	0.001734906	0.001040944	0.00832755	0.004510756	0.014920194	0.016308119	0	0	0.004510756	0	0	0.005898681	0	0.000346981	0.001734906	0.005898681	0.000346981	0.001040944	0.001734906	0.002428869	0	0.000693963	0	0.000693963	0.001040944	0.00832755	0.010756419	0.00277585	0	0	0	0	0	0	0	0.001387925	0	0	0	0	0	0	0	0	0	0	0	0	0	0	0	0	0	0	0	0	0	0	0	0	0	0	0	0	0	0	0	0	0	0	0	0	0	0	0	0	0	0	0	0	0.364677307
"PHJ31_Z3_2"	0.160652325	0.028799445	0.142609299	0.003816794	0.039555864	0.036086051	0.041984733	0.000693963	0.000346981	0.028105482	0.003469813	0.006939625	0.010062457	0	0.000693963	0.006592644	0	0	0.001387925	0.006245663	0	0	0.007633588	0.000346981	0.000346981	0.003816794	0.001387925	0	0	0.000346981	0	0	0.001387925	0.001040944	0.000346981	0	0	0	0	0	0	0	0	0	0	0	0	0	0	0	0	0	0	0	0	0	0	0	0	0	0	0	0	0	0	0	0	0	0	0	0	0	0	0	0	0	0	0	0	0	0	0	0	0	0	0	0	0.465301874
"PHJ31_Z3_3"	0.204371964	0.023941707	0.148507981	0	0.008674532	0.062109646	0.051006246	0.003122831	0.000693963	0.019430951	0.002081888	0.007980569	0.007633588	0.000693963	0	0.0055517	0.008674532	0.000346981	0.000346981	0	0	0	0.00277585	0.00277585	0.001040944	0.0055517	0.001387925	0.000346981	0	0	0.000693963	0.000693963	0.010409438	0.009021513	0.000346981	0	0	0	0	0	0	0	0	0	0	0	0	0	0	0	0	0	0	0	0	0	0	0	0	0	0	0	0	0	0	0	0	0	0	0	0	0	0	0	0	0	0	0	0	0	0	0	0	0	0	0	0	0.409784872
"PHW20_Z3_1"	0.001734906	0.028799445	0.097154754	0	0.00277585	0.105482304	0.013185288	0.001040944	0	0	0.030534351	0	0	0	0	0.060027759	0.004163775	0	0	0.011797363	0.002428869	0.020818876	0.022900763	0.002081888	0.003122831	0	0.016308119	0.000346981	0.015267176	0	0	0.001734906	0	0	0	0	0	0.000346981	0	0	0	0	0.001040944	0	0	0	0	0	0	0	0	0	0	0	0	0	0	0	0	0	0	0	0	0	0	0	0	0	0	0	0	0	0	0	0	0	0	0	0	0	0	0	0	0	0	0	0	0.556904927
"PHW20_Z3_2"	0.43962526	0.010409438	0.082581541	0.001040944	0.014920194	0.0111034	0.040249827	0.000346981	0.043719639	0.014226232	0.00277585	0.004163775	0.003122831	0	0.001040944	0.001734906	0	0	0.001387925	0	0	0.003469813	0.003816794	0.000693963	0	0.00277585	0.001734906	0.000346981	0.000346981	0	0.000693963	0	0.002428869	0.001040944	0.001040944	0.000346981	0	0	0	0	0	0	0	0	0	0	0	0	0.000346981	0	0	0	0	0	0	0	0	0	0	0	0	0	0	0	0	0	0	0	0	0	0	0	0	0	0	0	0	0	0	0	0	0	0	0	0	0	0	0.308466343
"PHW20_Z3_3"	0.170020819	0.017349063	0.08778626	0.011797363	0.000693963	0.013185288	0.026023595	0	0.001387925	0.017002082	0.003122831	0.003469813	0.004857738	0	0.004857738	0.002081888	0.000693963	0	0	0	0.000346981	0.000693963	0.000346981	0.000346981	0.001734906	0.000693963	0.001734906	0	0.003469813	0	0	0	0.000346981	0.003469813	0.004857738	0	0	0	0	0	0	0	0	0	0	0	0	0	0	0	0	0	0	0	0	0.000346981	0	0	0	0	0	0	0	0	0	0	0	0	0	0	0	0	0	0	0	0	0	0	0	0	0	0	0	0	0	0	0	0.617279667
"W64A_Z3_1"	0.092643997	0.03851492	0.051353227	0.001387925	0.010756419	0.020818876	0.012144344	0.002428869	0.002081888	0.006592644	0.002428869	0.002081888	0.006939625	0	0.001387925	0.000346981	0	0	0.001734906	0	0.000346981	0.001387925	0.002428869	0	0.000346981	0	0.002428869	0.001040944	0.000693963	0.000346981	0	0.000693963	0.000693963	0.000346981	0.003469813	0.000346981	0	0	0	0.000693963	0	0	0	0	0	0	0	0	0	0	0	0	0	0	0	0	0	0	0	0	0.000346981	0	0	0	0	0	0	0	0	0	0	0	0	0	0	0	0	0	0	0	0	0	0	0	0	0	0	0.73074254
"W64A_Z3_2"	0.109646079	0.010409438	0.043719639	0.014920194	0.006245663	0.018390007	0.02185982	0.000346981	0.056210965	0.004510756	0.000693963	0.006592644	0.003122831	0	0.004510756	0.001387925	0	0	0.000346981	0	0.000346981	0.000693963	0.000693963	0	0	0.001040944	0.001040944	0.000346981	0.000693963	0.000693963	0	0	0	0	0.001040944	0	0	0	0.001040944	0	0	0.001040944	0.000346981	0	0	0	0	0	0	0	0	0	0	0	0	0	0	0	0	0	0	0	0	0	0	0	0	0	0	0	0	0	0	0	0	0	0	0	0	0	0	0	0	0	0	0	0	0.688063845
"W64A_Z3_3"	0.116238723	0.080152672	0.120055517	0.000346981	0.00277585	0.010062457	0.034004164	0	0.000346981	0.012838307	0.003122831	0.004510756	0.003122831	0	0.002081888	0.003122831	0	0	0.002081888	0	0	0.000693963	0	0	0.006939625	0.001387925	0.000346981	0	0.000346981	0	0	0.000346981	0	0	0.003122831	0	0	0	0	0	0.000346981	0	0.000346981	0	0	0	0	0	0	0	0	0	0	0	0	0	0	0	0	0	0	0	0	0	0	0	0	0	0	0	0	0	0	0	0	0	0	0	0	0	0	0	0	0	0	0	0	0.591256072
