"Taxonomy"	"Zygomycota"	"Ascomycota"	"Basidiomycota"	"Chytridiomycota"	"Glomeromycota"	"Incertae_sedis_Fungi"	"Neocallimastigomycota"	"Others"
"LH38_Z1_1"	0.048230396	0.279319917	0.040943789	0.002428869	0	0	0	0.62907703
"LH38_Z1_2"	0.113462873	0.652324774	0.015614157	0.001387925	0.000693963	0	0	0.216516308
"LH38_Z1_3"	0.208188758	0.444482998	0.011797363	0.015614157	0	0	0	0.319916724
"LH39_Z1_1"	0.081193616	0.120402498	0.006245663	0.00277585	0	0	0	0.789382373
"LH39_Z1_2"	0.046495489	0.069049271	0.004857738	0.002081888	0	0	0	0.877515614
"LH39_Z1_3"	0.227619709	0.46148508	0.012491325	0.000346981	0	0	0	0.298056905
"78371A_Z1_1"	0.052394171	0.09056211	0.007286607	0.004857738	0	0	0	0.844899375
"78371A_Z1_2"	0.052741152	0.112074948	0.007980569	0.002081888	0.000346981	0	0	0.824774462
"78371A_Z1_3"	0.10721721	0.347675226	0.014226232	0.00277585	0	0	0	0.528105482
"787_Z1_1"	0.376127689	0.295975017	0.138098543	0.000693963	0	0	0	0.189104788
"787_Z1_2"	0.279319917	0.486120749	0.03018737	0.001387925	0	0	0	0.202984039
"787_Z1_3"	0.152324774	0.564885496	0.087439278	0.001387925	0.003469813	0	0	0.190492713
"IB014_Z1_1"	0.155447606	0.154059681	0.012838307	0.001040944	0.001734906	0	0	0.674878557
"IB014_Z1_2"	0.095766829	0.214434421	0.044413602	0.004510756	0.001040944	0	0	0.639833449
"IB014_Z1_3"	0.154753643	0.495142262	0.013879251	0.001387925	0.002428869	0	0	0.33240805
"PHN11_Z1_1"	0.147814018	0.184594032	0.013532269	0.001040944	0.016308119	0	0	0.636710618
"PHN11_Z1_2"	0.045801527	0.113462873	0.007633588	0.005204719	0	0	0	0.827897294
"PHN11_Z1_3"	0.135669674	0.207147814	0.015961138	0.020471895	0	0	0	0.62074948
"PHJ75_Z1_1"	0.086051353	0.135322693	0.010409438	0.004510756	0.000346981	0	0	0.763358779
"PHJ75_Z1_2"	0.118320611	0.216516308	0.009368494	0.003122831	0.005204719	0	0	0.647467037
"PHJ75_Z1_3"	0.122831367	0.493407356	0.006939625	0.004510756	0.006245663	0	0	0.366065232
"PHM10_Z1_1"	0.089521166	0.158917418	0.013879251	0.001040944	0.000346981	0	0	0.73629424
"PHM10_Z1_2"	0.105135323	0.286606523	0.009368494	0.004857738	0.000346981	0	0	0.593684941
"PHM10_Z1_3"	0.257807078	0.481609993	0.012491325	0.013879251	0.000346981	0	0	0.233865371
"LH205_Z1_1"	0.051700208	0.188410826	0.007633588	0.000346981	0.001040944	0	0	0.750867453
"LH205_Z1_2"	0.009715475	0.430603747	0.078070784	0.051006246	0	0	0	0.430603747
"LH205_Z1_3"	0.302914643	0.239764053	0.007633588	0.001734906	0	0	0	0.447952811
"PHW51_Z1_1"	0.092990978	0.681471201	0.014573213	0.003122831	0.008674532	0	0	0.199167245
"PHW51_Z1_2"	0.209923664	0.600277585	0.016655101	0.002428869	0	0	0	0.170714781
"PHW51_Z1_3"	0.044760583	0.574600972	0.020471895	0.015614157	0	0	0	0.344552394
"B73_Z1_1"	0.190145732	0.389312977	0.012838307	0.002428869	0	0	0	0.405274115
"B73_Z1_2"	0.197085357	0.515267176	0.049965302	0.003122831	0.000693963	0	0	0.233865371
"B73_Z1_3"	0.09056211	0.408743928	0.042678695	0.003816794	0.007286607	0.000346981	0	0.446564885
"A632_Z1_1"	0.230395559	0.522206801	0.015614157	0.002428869	0.00277585	0	0	0.226578765
"A632_Z1_2"	0.152671756	0.625607217	0.011450382	0.002428869	0.002428869	0	0	0.205412908
"A632_Z1_3"	0.216863289	0.326162387	0.013185288	0.006592644	0.000346981	0	0	0.43684941
"Mo17_Z1_1"	0.119014573	0.218598196	0.006592644	0.000693963	0.004857738	0	0	0.650242887
"Mo17_Z1_2"	0.125260236	0.738029146	0.015614157	0.001734906	0.000346981	0	0	0.119014573
"Mo17_Z1_3"	0.195697432	0.486120749	0.012144344	0.003469813	0.000346981	0	0	0.30222068
"LH51_Z1_1"	0.335877863	0.356349757	0.009368494	0.002428869	0	0	0	0.295975017
"LH51_Z1_2"	0.237335184	0.234559334	0.013532269	0.007633588	0.00832755	0	0	0.498612075
"LH51_Z1_3"	0.204024983	0.374045802	0.010062457	0.001040944	0	0	0	0.410825815
"LH52_Z1_1"	0.089521166	0.182165163	0.003122831	0.000693963	0	0	0	0.724496877
"LH52_Z1_2"	0.162734212	0.139486468	0.005204719	0.002081888	0.000346981	0	0	0.690145732
"LH52_Z1_3"	0.149548924	0.564538515	0.012491325	0.000693963	0.000346981	0	0	0.272380291
"E8501_Z1_1"	0.070784178	0.127689105	0.009021513	0.002428869	0	0	0	0.790076336
"E8501_Z1_2"	0.20055517	0.25815406	0.008674532	0.004857738	0	0	0	0.527758501
"E8501_Z1_3"	0.176960444	0.467383761	0.021512838	0.005898681	0.000693963	0	0	0.327550312
"LH93_Z1_1"	0.224149896	0.539208883	0.015614157	0.001387925	0.00277585	0	0	0.216863289
"LH93_Z1_2"	0.180430257	0.414989591	0.011450382	0.003469813	0.0055517	0	0	0.384108258
"LH93_Z1_3"	0.218251214	0.397987509	0.012838307	0.002081888	0.002428869	0	0	0.366412214
"PHJ31_Z1_1"	0.120055517	0.362942401	0.013185288	0.001040944	0.001040944	0	0	0.501734906
"PHJ31_Z1_2"	0.128383067	0.60721721	0.034698126	0.001387925	0.0055517	0	0	0.222761971
"PHJ31_Z1_3"	0.152324774	0.08778626	0.003816794	0.001387925	0	0	0	0.754684247
"PHW20_Z1_1"	0.19222762	0.552047189	0.041984733	0.003122831	0	0	0	0.210617627
"PHW20_Z1_2"	0.07980569	0.124219292	0.003122831	0.00277585	0	0	0	0.790076336
"PHW20_Z1_3"	0.310895212	0.536433033	0.00832755	0.002428869	0.002428869	0	0	0.139486468
"W64A_Z1_1"	0.068355309	0.163081194	0.004163775	0.000346981	0	0	0	0.764052741
"W64A_Z1_2"	0.163775156	0.309507287	0.0111034	0.00277585	0.004163775	0	0	0.508674532
"W64A_Z1_3"	0.243927828	0.428174879	0.032616239	0.0055517	0.001387925	0	0	0.28834143
"LH38_Z2_1"	0.147814018	0.190145732	0.019430951	0.001040944	0.004163775	0	0	0.63740458
"LH38_Z2_2"	0.203678001	0.414642609	0.031228314	0.003816794	0.009368494	0	0	0.337265788
"LH38_Z2_3"	0.256766135	0.14573213	0.004163775	0.005204719	0.002081888	0	0	0.586051353
"LH39_Z2_1"	0.10999306	0.235253296	0.029493407	0.0055517	0	0	0	0.619708536
"LH39_Z2_2"	0.07425399	0.16204025	0.00832755	0.002428869	0	0.001040944	0	0.751908397
"LH39_Z2_3"	0.237335184	0.380638446	0.018043026	0.000693963	0.000693963	0	0	0.36259542
"78371A_Z2_1"	0.051700208	0.143303262	0.0111034	0.042331714	0	0	0	0.751561416
"78371A_Z2_2"	0.037473976	0.204371964	0.014226232	0.002081888	0.00277585	0	0	0.73907009
"78371A_Z2_3"	0.105135323	0.185981957	0.006592644	0.001387925	0	0	0	0.700902151
"787_Z2_1"	0.315405968	0.455239417	0.033310201	0.010409438	0.013185288	0	0	0.172449688
"787_Z2_2"	0.134975711	0.440319223	0.040249827	0.003122831	0	0	0	0.381332408
"787_Z2_3"	0.121096461	0.632546842	0.020124913	0.001734906	0.000346981	0	0	0.224149896
"IB014_Z2_1"	0.108258154	0.290423317	0.026717557	0.004857738	0.000346981	0	0	0.569396253
"IB014_Z2_2"	0.052741152	0.256072172	0.009021513	0.001040944	0.000346981	0	0	0.680777238
"IB014_Z2_3"	0.131158917	0.567314365	0.012144344	0.014573213	0	0.000346981	0	0.274462179
"PHN11_Z2_1"	0.103747398	0.142609299	0.005898681	0.000346981	0.018390007	0	0	0.729007634
"PHN11_Z2_2"	0.152324774	0.403539209	0.020124913	0.003469813	0.010409438	0	0	0.410131853
"PHN11_Z2_3"	0.319916724	0.400416378	0.028105482	0.006245663	0.005204719	0	0	0.240111034
"PHJ75_Z2_1"	0.17314365	0.504163775	0.015267176	0.002428869	0	0	0	0.30499653
"PHJ75_Z2_2"	0.106870229	0.672449688	0.015267176	0.005204719	0.003816794	0	0	0.196391395
"PHJ75_Z2_3"	0.100971548	0.200902151	0.0055517	0.001387925	0.00277585	0	0	0.688410826
"PHM10_Z2_1"	0.03296322	0.060027759	0.004857738	0.001387925	0	0	0	0.900763359
"PHM10_Z2_2"	0.098195697	0.484038862	0.017349063	0.001734906	0	0	0	0.398681471
"PHM10_Z2_3"	0.026717557	0.172449688	0.024982651	0.089868147	0	0	0	0.685981957
"LH205_Z2_1"	0.160305344	0.289729355	0.015614157	0.001040944	0	0	0	0.533310201
"LH205_Z2_2"	0.189798751	0.494795281	0.014573213	0.001734906	0.000346981	0	0	0.298750867
"LH205_Z2_3"	0.294240111	0.26925746	0.023594726	0.004510756	0	0	0	0.408396947
"PHW51_Z2_1"	0.036086051	0.203678001	0.003816794	0.005898681	0	0	0	0.750520472
"PHW51_Z2_2"	0.206800833	0.532616239	0.020471895	0.003816794	0.012144344	0	0	0.224149896
"PHW51_Z2_3"	0.098542679	0.243580847	0.004163775	0.020124913	0	0	0	0.633587786
"B73_Z2_1"	0.212005552	0.423317141	0.070090215	0.002081888	0.000346981	0	0	0.292158223
"B73_Z2_2"	0.184247051	0.503469813	0.022900763	0.005204719	0.004510756	0.000346981	0	0.279319917
"B73_Z2_3"	0.121443442	0.385843164	0.017349063	0.002428869	0.002081888	0	0	0.470853574
"A632_Z2_1"	0.176266482	0.234212353	0.00832755	0.004857738	0	0	0	0.576335878
"A632_Z2_2"	0.181471201	0.688410826	0.006939625	0.001040944	0.000693963	0	0	0.121443442
"A632_Z2_3"	0.174878557	0.480222068	0.007286607	0.002428869	0	0	0	0.3351839
"Mo17_Z2_1"	0.223802915	0.350104094	0.003122831	0.001040944	0.010756419	0	0	0.411172797
"Mo17_Z2_2"	0.193962526	0.337265788	0.013532269	0.000346981	0.012144344	0	0	0.442748092
"Mo17_Z2_3"	0.085010409	0.084316447	0.001387925	0.000693963	0.000346981	0	0	0.828244275
"LH51_Z2_1"	0.294934074	0.178348369	0.008674532	0.001040944	0.013185288	0	0	0.503816794
"LH51_Z2_2"	0.150589868	0.102359473	0.0055517	0.001387925	0.000693963	0	0	0.739417071
"LH51_Z2_3"	0.117626648	0.124219292	0.008674532	0.001734906	0.00277585	0	0	0.744968772
"LH52_Z2_1"	0.23351839	0.341776544	0.023941707	0.007980569	0.005204719	0	0	0.387578071
"LH52_Z2_2"	0.177654407	0.405621096	0.019430951	0.003469813	0.000346981	0	0	0.393476752
"LH52_Z2_3"	0.159611381	0.392435808	0.014226232	0.004857738	0.001387925	0	0	0.427480916
"E8501_Z2_1"	0.170020819	0.312977099	0.0111034	0.000693963	0	0	0	0.505204719
"E8501_Z2_2"	0.158223456	0.206453851	0.007980569	0.005898681	0.001734906	0	0	0.619708536
"E8501_Z2_3"	0.20610687	0.428868841	0.009368494	0.017002082	0.000693963	0	0	0.33795975
"LH93_Z2_1"	0.053435115	0.170714781	0.004163775	0.001040944	0	0.003122831	0	0.767522554
"LH93_Z2_2"	0.210617627	0.23629424	0.004510756	0.002428869	0	0	0	0.546148508
"LH93_Z2_3"	0.167244969	0.229701596	0.013185288	0.000693963	0	0	0	0.589174185
"PHJ31_Z2_1"	0.249826509	0.294934074	0.010409438	0.000693963	0	0	0	0.444136017
"PHJ31_Z2_2"	0.128036086	0.195697432	0.008674532	0.00277585	0.005204719	0	0	0.659611381
"PHJ31_Z2_3"	0.151977793	0.157529493	0.057945871	0.000346981	0.000693963	0	0	0.631505899
"PHW20_Z2_1"	0.195697432	0.477446218	0.014920194	0.009021513	0	0	0	0.302914643
"PHW20_Z2_2"	0.083969466	0.094725885	0.00277585	0.001040944	0	0	0	0.817487856
"PHW20_Z2_3"	0.202984039	0.404580153	0.009368494	0.032616239	0.000346981	0	0	0.350104094
"W64A_Z2_1"	0.061415684	0.14018043	0.000693963	0.001387925	0	0.000346981	0	0.795975017
"W64A_Z2_2"	0.215822346	0.296321999	0.010062457	0.001387925	0.000693963	0	0	0.475711312
"W64A_Z2_3"	0.176266482	0.251214434	0.010062457	0.002081888	0	0	0	0.56037474
"LH38_Z3_1"	0.223802915	0.290770298	0.007633588	0.003816794	0	0	0	0.473976405
"LH38_Z3_2"	0.619708536	0.126648161	0.010409438	0.004857738	0.003816794	0	0	0.234559334
"LH38_Z3_3"	0.477793199	0.121096461	0.003816794	0	0.00277585	0	0	0.394517696
"LH39_Z3_1"	0.273768217	0.301873699	0.021512838	0.007980569	0	0	0	0.394864677
"LH39_Z3_2"	0.122831367	0.229007634	0.017002082	0.003816794	0.000346981	0	0	0.626995142
"LH39_Z3_3"	0.31332408	0.405621096	0.018390007	0.001387925	0.002428869	0	0	0.258848022
"78371A_Z3_1"	0.482303956	0.184594032	0.007633588	0	0.000346981	0	0	0.325121443
"78371A_Z3_2"	0.115544761	0.509368494	0.024288688	0.000693963	0.009715475	0	0	0.340388619
"78371A_Z3_3"	0.12074948	0.228313671	0.003816794	0.000346981	0.00277585	0	0	0.643997224
"787_Z3_1"	0.260582929	0.531575295	0.02463567	0.0055517	0.000693963	0	0	0.176960444
"787_Z3_2"	0.072866065	0.578764747	0.217210271	0.002081888	0.012838307	0	0	0.116238723
"787_Z3_3"	0.213046495	0.498612075	0.057945871	0.0055517	0.000693963	0	0	0.224149896
"IB014_Z3_1"	0.418112422	0.215822346	0.019430951	0.001387925	0.019430951	0	0	0.325815406
"IB014_Z3_2"	0.178348369	0.552394171	0.013185288	0.001387925	0.000346981	0	0	0.254337266
"IB014_Z3_3"	0.244274809	0.553782096	0.017696044	0.000346981	0.02463567	0	0	0.1592644
"PHN11_Z3_1"	0.288688411	0.369882026	0.009021513	0.000693963	0.000346981	0	0	0.331367106
"PHN11_Z3_2"	0.208188758	0.379597502	0.018390007	0.002081888	0.002428869	0	0	0.389312977
"PHN11_Z3_3"	0.75815406	0.135322693	0.003469813	0.00277585	0	0	0	0.100277585
"PHJ75_Z3_1"	0.1592644	0.191186676	0.007980569	0.000693963	0.005898681	0	0	0.634975711
"PHJ75_Z3_2"	0.227619709	0.559680777	0.017349063	0.001040944	0	0	0	0.194309507
"PHJ75_Z3_3"	0.184247051	0.079111728	0.004510756	0.001040944	0.001734906	0	0	0.729354615
"PHM10_Z3_1"	0.188063845	0.286606523	0.02185982	0.004510756	0.003816794	0	0	0.495142262
"PHM10_Z3_2"	0.142609299	0.478487162	0.019083969	0.002428869	0.0055517	0	0	0.351839001
"PHM10_Z3_3"	0.189798751	0.287994448	0.006245663	0.002428869	0.001734906	0	0	0.511797363
"LH205_Z3_1"	0.184941013	0.518043026	0.019777932	0.005204719	0	0	0	0.27203331
"LH205_Z3_2"	0.035392089	0.156141568	0.004510756	0.001040944	0	0	0	0.802914643
"LH205_Z3_3"	0.064538515	0.415683553	0.041637752	0.149548924	0	0	0	0.328591256
"PHW51_Z3_1"	0.027758501	0.341429563	0.02463567	0.001040944	0	0	0	0.605135323
"PHW51_Z3_2"	0.278278973	0.584663428	0.013185288	0.000693963	0	0	0	0.123178348
"PHW51_Z3_3"	0.138098543	0.371616933	0.011450382	0.009021513	0	0	0	0.46981263
"B73_Z3_1"	0.140527412	0.572172103	0.017349063	0.001734906	0.005204719	0	0	0.263011797
"B73_Z3_2"	0.404580153	0.533310201	0.005204719	0	0.000693963	0	0	0.056210965
"B73_Z3_3"	0.075294934	0.352532963	0.00832755	0.001040944	0	0	0	0.562803609
"A632_Z3_1"	0.210617627	0.365718251	0.011797363	0.001040944	0	0	0	0.410825815
"A632_Z3_2"	0.193615545	0.380638446	0.031575295	0.005898681	0	0	0	0.388272033
"A632_Z3_3"	0.229007634	0.45593338	0.02185982	0	0.000346981	0	0	0.292852186
"Mo17_Z3_1"	0.275503123	0.519083969	0.010409438	0.002428869	0.007980569	0	0	0.184594032
"Mo17_Z3_2"	0.336571825	0.19500347	0.016308119	0.002428869	0.015614157	0	0	0.43407356
"Mo17_Z3_3"	0.130464955	0.087439278	0.002081888	0.001387925	0	0	0	0.778625954
"LH51_Z3_1"	0.377515614	0.432685635	0.014226232	0.001040944	0.001387925	0	0	0.17314365
"LH51_Z3_2"	0.345940319	0.42297016	0.018043026	0.005898681	0.003469813	0	0	0.203678001
"LH51_Z3_3"	0.402498265	0.218598196	0.004163775	0.001734906	0.003122831	0	0	0.369882026
"LH52_Z3_1"	0.066273421	0.639139486	0.0111034	0.003816794	0.002081888	0	0	0.27758501
"LH52_Z3_2"	0.54129077	0.147467037	0.00277585	0.003816794	0.000693963	0	0	0.303955586
"LH52_Z3_3"	0.477446218	0.237335184	0.020818876	0.003469813	0.004510756	0	0	0.256419153
"E8501_Z3_1"	0.370229008	0.184594032	0.004857738	0.002081888	0.003122831	0	0	0.435114504
"E8501_Z3_2"	0.187022901	0.630811936	0.019430951	0.000693963	0	0	0	0.16204025
"E8501_Z3_3"	0.175572519	0.476058293	0.011797363	0.001387925	0.000693963	0	0	0.334489938
"LH93_Z3_1"	0.168979875	0.454892436	0.022206801	0.042331714	0.002081888	0	0	0.309507287
"LH93_Z3_2"	0.228660652	0.500346981	0.003469813	0.001734906	0.000346981	0	0	0.265440666
"LH93_Z3_3"	0.348716169	0.275503123	0.003122831	0.000693963	0	0	0	0.371963914
"PHJ31_Z3_1"	0.174184594	0.542678695	0.023594726	0.004857738	0.009021513	0	0	0.245662734
"PHJ31_Z3_2"	0.169673838	0.437196391	0.028452464	0.004163775	0.001387925	0	0	0.359125607
"PHJ31_Z3_3"	0.214087439	0.494795281	0.036433033	0.003122831	0.0111034	0	0	0.240458015
"PHW20_Z3_1"	0.005898681	0.383067314	0.063844552	0.056210965	0	0	0	0.490978487
"PHW20_Z3_2"	0.455239417	0.26648161	0.012144344	0.001387925	0.003122831	0	0	0.261623872
"PHW20_Z3_3"	0.187369882	0.265093685	0.010062457	0.007286607	0.000346981	0	0	0.529840389
"W64A_Z3_1"	0.112074948	0.199861207	0.007980569	0.001734906	0.000693963	0.000693963	0	0.676960444
"W64A_Z3_2"	0.119361554	0.253643303	0.0055517	0.001387925	0	0	0	0.620055517
"W64A_Z3_3"	0.129770992	0.36814712	0.00277585	0.00832755	0	0	0	0.490978487
